0 0.67
1 1.61
2 1.19
3 0.82
4 1.09
5 1.52
6 0.84
7 1.69
8 1.16
9 1.05
10 0.03
11 0.92
12 1.59
13 1.81
14 1.97
15 1.21
16 1.65
17 1.9
18 1.03
19 0.8
20 1.34
21 0.54
22 0.22
23 2.04
24 0.82
25 0.33
26 0.99
27 1.27
28 1.59
29 0.15
30 0.71
31 1.96
32 0.91
33 1.83
34 1.99
35 0.91
36 0.89
37 0.67
38 0.53
39 0.96
40 1.44
41 1.89
42 1.55
43 0.41
44 1.61
45 2.14
46 1.53
47 0.22
48 0.94
49 1.75
50 0.5
51 0.1
52 1.22
53 0.4
54 1.57
55 1.86
56 1.83
57 0.69
58 1.03
59 1.34
60 0.58
61 1.2
62 0.19
63 1.45
64 1.02
65 0.51
66 0.68
67 0.37
68 0.34
69 0.64
70 1.21
71 0.74
72 1.37
73 2.04
74 1.13
75 2.03
76 0.77
77 1.79
78 0.94
79 1.51
80 1.32
81 0.55
82 1.52
83 1.61
84 0.36
85 0.24
86 1.17
87 2.13
88 0.2
89 1.03
90 0.8
91 0.58
92 1.87
93 1.31
94 0.26
95 0.43
96 0.2
97 1.49
98 0.75
99 2.01
100 0.2
101 0.29
102 0.15
103 0.4
104 0.47
105 0.16
106 1.32
107 1.72
108 1.13
109 1.67
110 0.29
111 1.18
112 0.84
113 0.1
114 0.97
115 0.11
116 0.6
117 1.01
118 2.03
119 1.92
120 0.04
121 1.44
122 1.27
123 0.41
124 0.8
125 1.44
126 0.18
127 1.81
128 0.73
129 1.12
130 1.42
131 0.84
132 1.02
133 0.44
134 0.59
135 1.69
136 0.96
137 2.05
138 0.18
139 1.02
140 2.04
141 1.26
142 1.44
143 0.02
144 0.28
145 1.69
146 1.68
147 0.23
148 1.72
149 2.05
150 1.83
151 0.34
152 1.46
153 1.58
154 1.67
155 0.86
156 1.26
157 1.31
158 1.86
159 0.94
160 2.11
161 0.57
162 0.07
163 1.05
164 1.76
165 1.39
166 1.26
167 0.89
168 1.29
169 0.37
170 1.03
171 0.99
172 1.07
173 0.91
174 1.88
175 0.51
176 0.09
177 1.31
178 0.71
179 1.51
180 2.04
181 0.15
182 0.54
183 0.99
184 1.59
185 1.09
186 1.15
187 0.74
188 0.85
189 0.44
190 2.01
191 0.4
192 0.19
193 0.59
194 2.11
195 0.54
196 2.01
197 0.5
198 1.82
199 2.01
200 0.56
201 2.05
202 1.9
203 1.21
204 2.12
205 1.64
206 0.56
207 0.86
208 0.05
209 0.43
210 0.16
211 1.09
212 0.55
213 0.34
214 1.65
215 1.2
216 2.1
217 2.06
218 1.92
219 0.21
220 0.06
221 0.06
222 1.61
223 0.0
224 0.54
225 1.54
226 0.77
227 1.3
228 1.05
229 1.22
230 1.09
231 0.33
232 1.15
233 1.64
234 1.08
235 1.19
236 2.12
237 0.58
238 0.56
239 1.6
240 1.86
241 1.12
242 1.0
243 0.27
244 0.33
245 1.8
246 1.77
247 0.92
248 1.48
249 1.03
250 1.73
251 1.73
252 1.43
253 1.24
254 0.48
255 0.18
256 1.54
257 0.74
258 1.95
259 1.61
260 0.33
261 1.77
262 0.7
263 1.65
264 2.08
265 0.29
266 2.04
267 0.21
268 1.33
269 1.67
270 0.01
271 0.11
272 1.35
273 1.71
274 1.18
275 0.2
276 0.31
277 1.03
278 0.48
279 0.17
280 1.58
281 1.42
282 0.03
283 1.04
284 0.47
285 0.59
286 0.77
287 2.09
288 1.08
289 0.96
290 2.11
291 1.24
292 0.49
293 1.87
294 0.72
295 0.54
296 0.67
297 0.97
298 1.32
299 0.71
300 1.11
301 1.75
302 1.96
303 1.7
304 0.82
305 1.27
306 0.17
307 1.0
308 2.13
309 0.4
310 0.14
311 0.7
312 1.28
313 1.94
314 0.56
315 1.19
316 1.65
317 1.77
318 0.27
319 1.0
320 1.52
321 1.38
322 0.26
323 1.15
324 0.59
325 0.64
326 0.35
327 0.36
328 0.99
329 1.57
330 0.29
331 0.33
332 1.98
333 1.71
334 2.1
335 0.39
336 1.39
337 2.03
338 1.06
339 2.04
340 0.59
341 1.54
342 1.54
343 1.69
344 0.1
345 0.98
346 0.04
347 0.37
348 1.79
349 1.34
350 1.59
351 1.77
352 1.28
353 1.34
354 1.34
355 0.38
356 1.33
357 0.18
358 0.72
359 1.46
360 1.77
361 1.12
362 1.9
363 1.68
364 1.84
365 2.07
366 1.92
367 1.04
368 0.04
369 0.79
370 0.93
371 0.81
372 1.16
373 1.24
374 1.43
375 0.84
376 1.65
377 0.32
378 0.46
379 0.48
380 2.03
381 1.5
382 0.65
383 1.99
384 1.77
385 0.87
386 0.03
387 1.13
388 1.11
389 0.87
390 1.92
391 1.47
392 0.89
393 1.72
394 1.82
395 0.12
396 2.1
397 0.72
398 0.51
399 0.0
400 2.11
401 1.79
402 0.43
403 1.59
404 1.14
405 0.4
406 1.13
407 0.7
408 1.8
409 1.27
410 1.33
411 1.07
412 0.99
413 1.69
414 0.37
415 0.85
416 0.54
417 1.83
418 0.03
419 1.38
420 1.95
421 1.95
422 0.49
423 1.39
424 0.68
425 0.55
426 0.93
427 0.38
428 2.08
429 1.5
430 0.79
431 0.98
432 1.5
433 1.23
434 2.14
435 0.19
436 0.8
437 0.64
438 2.01
439 1.96
440 0.93
441 0.87
442 1.58
443 1.87
444 0.1
445 0.98
446 0.91
447 1.45
448 2.11
449 2.14
450 0.81
451 0.4
452 1.48
453 0.84
454 1.67
455 0.26
456 2.01
457 0.34
458 1.21
459 0.58
460 0.91
461 1.11
462 1.73
463 0.04
464 1.06
465 1.21
466 1.16
467 1.73
468 1.47
469 0.55
470 0.77
471 1.2
472 2.11
473 0.99
474 1.88
475 1.03
476 1.02
477 0.8
478 0.98
479 1.79
480 1.95
481 1.37
482 1.14
483 0.56
484 1.31
485 0.5
486 2.1
487 1.63
488 1.1
489 0.12
490 1.57
491 1.56
492 0.5
493 0.74
494 0.15
495 0.83
496 0.0
497 0.34
498 0.73
499 0.68
500 0.65
501 1.63
502 0.05
503 0.43
504 0.93
505 1.13
506 1.09
507 1.76
508 1.93
509 1.19
510 0.62
511 2.12
512 0.95
513 0.53
514 0.63
515 1.13
516 0.35
517 2.09
518 0.43
519 0.93
520 0.17
521 0.62
522 0.58
523 0.88
524 1.43
525 1.8
526 1.89
527 1.71
528 2.09
529 0.4
530 0.95
531 1.65
532 1.93
533 0.39
534 1.39
535 1.84
536 0.86
537 1.72
538 1.41
539 1.31
540 1.1
541 1.35
542 0.41
543 0.24
544 1.84
545 1.97
546 1.91
547 1.2
548 0.79
549 1.06
550 1.06
551 0.77
552 0.46
553 1.73
554 0.48
555 1.18
556 0.08
557 1.13
558 0.35
559 0.88
560 0.38
561 0.23
562 0.91
563 2.12
564 0.33
565 2.04
566 0.92
567 1.65
568 1.38
569 0.39
570 1.58
571 2.01
572 1.51
573 1.12
574 0.83
575 2.03
576 0.15
577 0.1
578 0.63
579 0.25
580 0.25
581 1.37
582 0.27
583 0.95
584 1.35
585 0.27
586 1.08
587 2.08
588 0.41
589 0.93
590 1.45
591 0.99
592 1.2
593 0.17
594 1.86
595 0.83
596 1.93
597 0.47
598 1.99
599 2.01
600 1.05
601 0.39
602 1.03
603 1.33
604 0.78
605 0.63
606 1.96
607 2.04
608 1.76
609 1.43
610 0.29
611 1.85
612 0.98
613 1.84
614 0.51
615 1.24
616 0.74
617 1.79
618 0.13
619 1.26
620 1.26
621 0.85
622 1.5
623 1.42
624 2.11
625 0.25
626 0.61
627 1.28
628 0.22
629 1.39
630 0.73
631 1.3
632 0.12
633 1.43
634 1.52
635 1.38
636 1.13
637 1.43
638 1.31
639 0.04
640 0.82
641 1.99
642 1.26
643 1.96
644 0.68
645 0.62
646 0.73
647 0.48
648 0.56
649 1.67
650 1.8
651 1.94
652 1.43
653 0.76
654 0.6
655 0.9
656 1.09
657 1.15
658 1.17
659 0.02
660 0.9
661 1.88
662 0.99
663 2.11
664 0.14
665 1.18
666 0.88
667 1.15
668 0.76
669 2.11
670 1.98
671 1.54
672 0.74
673 0.15
674 2.13
675 1.36
676 0.51
677 0.25
678 0.61
679 1.82
680 0.17
681 0.63
682 0.48
683 0.67
684 1.05
685 1.32
686 0.52
687 0.79
688 1.93
689 0.53
690 1.64
691 0.86
692 0.54
693 1.29
694 1.91
695 1.38
696 0.89
697 0.59
698 0.65
699 0.2
700 0.95
701 1.81
702 0.16
703 0.39
704 0.53
705 0.77
706 1.52
707 0.6
708 1.19
709 0.45
710 0.77
711 1.18
712 0.8
713 0.13
714 1.55
715 0.24
716 1.26
717 0.17
718 1.59
719 1.36
720 0.1
721 0.99
722 1.53
723 0.49
724 2.05
725 2.11
726 2.04
727 0.31
728 1.97
729 0.74
730 1.83
731 0.81
732 1.87
733 2.08
734 1.57
735 2.06
736 0.66
737 0.95
738 1.88
739 1.91
740 0.39
741 1.52
742 1.53
743 0.01
744 0.36
745 0.6
746 0.68
747 0.19
748 1.64
749 0.17
750 0.13
751 0.11
752 1.84
753 0.75
754 2.0
755 0.85
756 0.73
757 2.02
758 2.07
759 1.13
760 0.94
761 1.82
762 0.7
763 0.13
764 2.01
765 2.1
766 1.55
767 0.43
768 1.24
769 1.02
770 0.06
771 1.41
772 1.81
773 0.57
774 1.9
775 1.73
776 0.54
777 1.5
778 1.03
779 0.93
780 1.25
781 2.0
782 0.04
783 0.01
784 1.08
785 0.33
786 0.18
787 1.4
788 0.21
789 0.13
790 0.09
791 2.12
792 0.56
793 0.03
794 0.33
795 0.03
796 1.44
797 0.75
798 1.94
799 1.44
800 1.47
801 0.29
802 1.37
803 1.97
804 2.05
805 1.96
806 0.32
807 0.33
808 1.98
809 0.86
810 1.8
811 1.52
812 2.06
813 1.88
814 0.37
815 0.6
816 0.49
817 1.99
818 1.09
819 2.04
820 0.66
821 0.08
822 0.85
823 0.51
824 1.03
825 0.56
826 1.59
827 1.34
828 1.25
829 1.19
830 1.44
831 2.05
832 1.62
833 1.42
834 1.3
835 1.16
836 1.67
837 0.2
838 0.51
839 1.33
840 1.46
841 1.91
842 0.75
843 1.61
844 1.88
845 0.42
846 0.15
847 0.49
848 1.18
849 1.36
850 1.14
851 0.38
852 0.04
853 0.89
854 1.16
855 1.65
856 0.87
857 1.61
858 1.96
859 1.04
860 0.17
861 1.59
862 0.13
863 1.1
864 0.37
865 0.35
866 1.21
867 0.99
868 0.61
869 0.12
870 0.56
871 1.71
872 0.66
873 0.4
874 2.13
875 1.24
876 0.71
877 0.35
878 0.9
879 1.33
880 0.87
881 1.52
882 0.43
883 2.1
884 0.79
885 0.96
886 1.37
887 2.04
888 1.48
889 1.72
890 0.67
891 2.1
892 1.65
893 1.03
894 1.28
895 0.51
896 0.43
897 0.16
898 1.45
899 0.32
900 2.05
901 0.56
902 0.22
903 0.39
904 0.09
905 0.97
906 0.99
907 1.1
908 0.17
909 2.08
910 0.3
911 1.06
912 2.12
913 1.12
914 1.59
915 0.48
916 0.18
917 1.67
918 1.16
919 0.29
920 0.96
921 0.23
922 1.23
923 1.14
924 1.41
925 0.76
926 1.57
927 0.64
928 1.31
929 0.26
930 1.88
931 0.0
932 0.24
933 0.27
934 1.99
935 0.01
936 1.24
937 1.15
938 0.47
939 0.35
940 0.24
941 1.19
942 1.65
943 0.35
944 0.5
945 1.37
946 1.95
947 1.95
948 0.4
949 1.73
950 1.63
951 1.5
952 1.41
953 2.14
954 1.93
955 1.92
956 1.45
957 0.54
958 0.72
959 1.31
960 0.73
961 0.64
962 0.05
963 1.55
964 1.44
965 1.32
966 2.02
967 1.41
968 0.58
969 1.71
970 0.16
971 0.76
972 0.31
973 1.48
974 0.91
975 1.75
976 1.81
977 1.57
978 0.98
979 0.81
980 0.7
981 0.53
982 1.03
983 1.52
984 0.65
985 1.24
986 1.22
987 0.33
988 0.62
989 1.26
990 2.09
991 0.68
992 0.62
993 0.44
994 0.17
995 0.39
996 0.98
997 1.9
998 0.23
999 0.6
1000 0.85
1001 2.05
1002 1.47
1003 1.82
1004 0.21
1005 0.32
1006 0.27
1007 1.97
1008 1.93
1009 0.29
1010 1.35
1011 0.88
1012 1.25
1013 1.0
1014 0.47
1015 1.08
1016 0.53
1017 1.61
1018 1.5
1019 1.15
1020 0.07
1021 0.03
1022 0.24
1023 0.06
1024 1.16
1025 1.0
1026 1.15
1027 1.74
1028 0.83
1029 0.74
1030 2.1
1031 1.98
1032 1.67
1033 1.94
1034 0.04
1035 1.93
1036 1.95
1037 0.32
1038 1.03
1039 0.86
1040 1.17
1041 1.86
1042 1.86
1043 0.08
1044 0.42
1045 1.79
1046 2.06
1047 0.15
1048 0.73
1049 0.14
1050 1.15
1051 1.28
1052 1.19
1053 1.18
1054 1.05
1055 1.46
1056 1.49
1057 2.04
1058 1.22
1059 1.49
1060 1.28
1061 2.11
1062 1.78
1063 0.45
1064 0.59
1065 1.24
1066 1.2
1067 0.49
1068 0.71
1069 0.9
1070 1.49
1071 0.95
1072 0.99
1073 0.08
1074 1.66
1075 1.09
1076 0.62
1077 1.74
1078 0.99
1079 1.78
1080 1.57
1081 2.12
1082 0.84
1083 0.26
1084 0.68
1085 1.59
1086 0.22
1087 0.06
1088 1.94
1089 0.3
1090 0.74
1091 1.2
1092 0.02
1093 1.99
1094 0.95
1095 0.16
1096 0.68
1097 0.69
1098 2.13
1099 0.19
1100 0.99
1101 1.54
1102 0.07
1103 1.08
1104 0.93
1105 1.32
1106 1.62
1107 1.93
1108 1.69
1109 1.66
1110 1.93
1111 0.57
1112 0.72
1113 1.98
1114 0.58
1115 1.97
1116 1.03
1117 0.93
1118 0.65
1119 0.16
1120 0.06
1121 0.06
1122 1.92
1123 0.59
1124 0.83
1125 0.14
1126 1.6
1127 1.53
1128 0.71
1129 1.5
1130 1.31
1131 1.1
1132 2.02
1133 1.27
