0 0.34
1 0.21
2 1.27
3 0.87
4 0.29
5 0.28
6 0.91
7 0.72
8 0.73
9 1.26
10 0.19
11 0.47
12 0.58
13 1.56
14 1.14
15 1.25
16 1.27
17 0.12
18 1.2
19 1.32
20 0.95
21 1.19
22 0.14
23 1.05
24 0.18
25 1.49
26 0.78
27 0.24
28 1.38
29 1.36
30 0.23
31 1.1
32 0.85
33 1.4
34 0.02
35 0.06
36 0.86
37 0.1
38 0.02
39 0.8
40 0.71
41 0.46
42 1.16
43 0.73
44 0.43
45 1.53
46 1.18
47 0.32
48 1.57
49 1.3
50 0.66
51 0.35
52 0.31
53 0.59
54 0.6
55 0.55
56 1.17
57 0.57
58 0.96
59 0.39
60 1.11
61 0.26
62 0.54
63 1.4
64 0.79
65 0.68
66 0.24
67 0.61
68 0.52
69 0.93
70 0.19
71 1.2
72 0.05
73 1.1
74 0.06
75 1.52
76 0.61
77 1.26
78 1.16
79 0.68
80 0.48
81 1.37
82 0.32
83 0.41
84 0.42
85 1.26
86 1.15
87 1.49
88 1.45
89 0.0
90 1.53
91 0.88
92 0.92
93 0.08
94 1.56
95 0.75
96 1.13
97 0.43
98 1.07
99 0.21
100 0.44
101 1.34
102 1.57
103 0.89
104 1.08
105 0.22
106 1.53
107 1.44
108 0.6
109 1.48
110 0.68
111 1.23
112 1.11
113 0.5
114 0.64
115 1.57
116 0.55
117 0.03
118 1.46
119 1.02
120 0.87
121 0.87
122 1.37
123 1.36
124 1.5
125 0.76
126 1.15
127 0.09
128 1.0
129 0.62
130 0.86
131 0.87
132 0.97
133 0.71
134 0.53
135 0.21
136 1.35
137 0.97
138 0.55
139 0.55
140 0.47
141 0.17
142 1.12
143 0.63
144 0.97
145 0.76
146 1.3
147 1.35
148 0.86
149 0.25
150 0.55
151 0.32
152 1.39
153 0.83
154 0.75
155 0.13
156 1.17
157 0.8
158 1.14
159 0.28
160 1.16
161 1.43
162 0.15
163 1.42
164 0.74
165 0.83
166 0.46
167 1.19
168 1.22
169 1.24
170 1.18
171 0.6
172 0.45
173 0.54
174 0.62
175 1.05
176 0.14
177 1.07
178 1.21
179 0.9
180 1.51
181 0.23
182 0.1
183 1.47
184 1.0
185 0.69
186 1.03
187 0.21
188 0.49
189 0.55
190 0.87
191 1.59
192 1.2
193 1.35
194 0.58
195 0.51
196 0.88
197 1.57
198 1.22
199 0.69
200 0.69
201 1.08
202 1.51
203 0.61
204 1.53
205 1.3
206 0.73
207 0.41
208 0.87
209 1.59
210 1.59
211 0.65
212 0.04
213 0.61
214 0.82
215 0.9
216 1.08
217 0.36
218 0.5
219 0.54
220 0.65
221 0.9
222 0.77
223 0.3
224 1.58
225 1.26
226 0.51
227 1.42
228 1.35
229 1.0
230 1.0
231 0.17
232 0.22
233 0.59
234 1.46
235 0.2
236 0.4
237 1.37
238 0.5
239 0.11
240 0.14
241 0.15
242 0.66
243 0.36
244 0.64
245 1.17
246 1.32
247 0.29
248 1.06
249 1.19
250 1.2
251 1.01
252 0.23
253 1.33
254 0.54
255 0.34
256 1.07
257 1.24
258 0.05
259 1.33
260 1.52
261 0.22
262 0.66
263 1.27
264 1.53
265 0.75
266 1.17
267 0.81
268 0.87
269 0.65
270 0.27
271 1.23
272 1.17
273 1.09
274 1.44
275 0.43
276 0.42
277 0.23
278 1.19
279 0.18
280 0.06
281 0.23
282 0.25
283 0.4
284 0.5
285 1.28
286 1.31
287 0.19
288 1.17
289 0.48
290 0.96
291 1.01
292 0.89
293 1.42
294 0.67
295 0.23
296 0.33
297 1.29
298 0.21
299 0.68
300 0.35
301 1.59
302 0.52
303 0.08
304 1.28
305 0.34
306 1.33
307 0.58
308 0.83
309 0.57
310 1.58
311 1.24
312 1.07
313 0.99
314 0.01
315 0.47
316 0.86
317 0.1
318 0.94
319 1.46
320 0.02
321 0.95
322 0.56
323 0.32
324 1.46
325 1.56
326 0.5
327 0.19
328 1.34
329 1.04
330 1.22
331 0.04
332 0.06
333 1.52
334 0.66
335 0.94
336 0.75
337 0.66
338 0.75
339 0.84
340 0.6
341 0.45
342 0.83
343 1.12
344 0.84
345 0.9
346 1.19
347 0.37
348 0.38
349 0.09
350 1.03
351 0.29
352 1.24
353 0.39
354 0.23
355 1.01
356 1.01
357 0.97
358 0.19
359 0.08
360 0.41
361 0.6
362 1.09
363 0.25
364 0.9
365 0.45
366 0.26
367 1.32
368 0.72
369 0.41
370 1.39
371 0.35
372 1.6
373 0.01
374 1.49
375 0.42
376 0.95
377 0.4
378 0.18
379 1.14
380 0.59
381 1.28
382 0.84
383 1.5
384 0.68
385 0.63
386 0.85
387 0.88
388 0.94
389 0.92
390 0.61
391 1.24
392 1.26
393 1.2
394 0.05
395 0.0
396 1.12
397 0.3
398 0.66
399 1.41
400 0.55
401 0.67
402 0.8
403 1.22
404 0.23
405 0.37
406 0.02
407 1.04
408 1.06
409 1.43
410 0.29
411 0.99
412 1.02
413 0.83
414 0.61
415 0.6
416 0.03
417 1.36
418 0.24
419 0.13
420 1.37
421 0.76
422 0.08
423 0.78
424 0.85
425 0.65
426 1.47
427 0.07
428 0.32
429 1.1
430 1.25
431 0.45
432 1.58
433 1.06
434 1.53
435 1.43
436 0.64
437 1.18
438 1.3
439 0.55
440 1.5
441 0.12
442 0.19
443 1.07
444 0.1
445 1.31
446 0.16
447 0.24
448 0.43
449 0.98
450 0.79
451 1.21
452 1.26
453 0.23
454 0.51
455 1.56
456 0.37
457 1.6
458 0.81
459 1.34
460 1.51
461 0.66
462 0.6
463 0.65
464 0.85
465 1.44
466 0.33
467 1.46
468 1.39
469 1.45
470 0.7
471 1.01
472 0.81
473 0.25
474 0.56
475 0.6
476 0.21
477 0.7
478 0.11
479 0.94
480 0.8
481 0.9
482 1.11
483 0.74
484 0.22
485 0.5
486 0.16
487 0.99
488 1.47
489 1.57
490 0.16
491 1.08
492 1.56
493 0.01
494 0.54
495 0.02
496 0.41
497 0.77
498 1.4
499 1.43
500 0.54
501 0.07
502 1.2
503 1.22
504 0.79
505 0.89
506 0.98
507 1.55
508 0.43
509 0.67
510 0.25
511 0.63
512 1.17
513 1.01
514 1.39
515 0.39
516 0.83
517 0.79
518 0.16
519 0.08
520 0.23
521 0.63
522 0.55
523 0.08
524 0.02
525 0.11
526 0.04
527 1.3
528 0.4
529 1.44
530 0.36
531 0.85
532 0.76
533 1.27
534 0.12
535 0.27
536 0.83
537 1.02
538 0.99
539 1.51
540 0.89
541 1.48
542 0.94
543 0.36
544 1.27
545 1.6
546 1.26
547 0.03
548 1.38
549 0.55
550 0.2
551 1.31
552 1.59
553 1.27
554 0.87
555 0.36
556 0.32
557 0.54
558 0.46
559 0.82
560 0.81
561 0.41
562 0.68
563 0.47
564 0.79
565 0.31
566 0.49
567 0.32
568 1.59
569 0.19
570 0.25
571 1.21
572 1.5
573 1.48
574 0.22
575 0.39
576 1.39
577 0.78
578 1.16
579 0.57
580 1.33
581 1.58
582 1.55
583 1.0
584 0.02
585 1.32
586 0.31
587 1.49
588 1.27
589 0.04
590 0.31
591 1.44
592 1.37
593 0.49
594 1.41
595 1.43
596 0.25
597 1.32
598 0.81
599 0.73
600 0.08
601 0.14
602 1.21
603 0.15
604 0.55
605 0.62
606 0.88
607 1.21
608 1.51
609 1.38
610 1.56
611 0.18
612 1.47
613 0.82
614 0.9
615 0.36
616 1.32
617 1.0
618 1.4
619 1.29
620 0.96
621 0.21
622 1.09
623 0.64
624 0.18
625 0.62
626 0.07
627 1.35
628 0.02
629 0.97
630 1.17
631 1.12
632 1.17
633 0.41
634 0.91
635 1.16
636 0.31
637 1.22
638 0.12
639 0.71
640 0.63
641 0.7
642 0.54
643 0.93
644 0.47
645 0.03
646 0.88
647 1.39
648 1.25
649 1.26
650 0.22
651 0.13
652 1.59
653 1.53
654 0.34
655 1.37
656 0.68
657 0.67
658 1.38
659 0.5
660 0.92
661 0.42
662 1.11
663 0.9
664 1.45
665 0.54
666 1.1
667 0.59
668 1.46
669 0.68
670 0.02
671 0.44
672 0.78
673 0.88
674 0.46
675 0.35
676 1.56
677 0.92
678 1.55
679 0.78
680 1.21
681 0.56
682 0.69
683 0.88
684 0.41
685 1.11
686 1.0
687 1.1
688 1.55
689 1.2
690 1.15
691 0.75
692 1.25
693 1.33
694 0.15
695 1.41
696 1.31
697 0.23
698 0.31
699 1.31
700 1.25
701 1.05
702 0.65
703 0.8
704 0.75
705 1.45
706 1.46
707 0.66
708 0.88
709 0.58
710 0.48
711 0.25
712 0.96
713 0.77
714 0.71
715 0.74
716 0.07
717 1.28
718 0.15
719 1.07
720 0.86
721 0.75
722 1.41
723 1.35
724 0.03
725 1.32
726 0.77
727 0.95
728 1.47
729 1.13
730 0.02
731 1.18
732 0.73
733 0.39
734 1.12
735 0.83
736 0.81
737 1.09
738 0.19
739 0.85
740 0.48
741 0.78
742 0.95
743 1.38
744 0.38
745 0.07
746 0.53
747 0.87
748 1.41
749 1.08
750 1.18
751 0.35
752 0.81
753 1.49
754 0.33
755 0.9
756 0.64
757 1.33
758 0.87
759 1.33
760 0.15
761 0.21
762 1.24
763 0.63
764 0.02
765 0.34
766 0.39
767 0.57
768 0.04
769 0.22
770 0.69
771 0.21
772 1.56
773 0.85
774 1.45
775 0.76
776 1.07
777 1.58
778 0.26
779 0.85
780 0.85
781 1.06
782 0.33
783 0.77
784 1.52
785 1.33
786 0.06
787 0.47
788 1.09
789 1.37
790 0.74
791 0.99
792 1.37
793 0.26
794 0.13
795 0.83
796 0.45
797 0.12
798 0.69
799 1.17
800 0.59
801 0.4
802 1.2
803 0.21
804 1.29
805 0.44
806 0.28
807 1.42
808 0.55
809 0.18
810 0.44
811 0.87
812 1.35
813 1.47
814 0.31
815 1.53
816 1.55
817 0.64
818 0.99
819 1.42
820 0.46
821 0.12
822 0.43
823 0.4
824 0.45
825 0.71
826 1.51
827 0.02
828 0.66
829 0.47
830 0.06
831 0.87
832 0.29
833 0.69
834 0.99
835 0.52
836 0.58
837 0.72
838 0.91
839 0.11
840 0.48
841 1.2
842 0.36
843 0.1
844 0.27
845 0.83
846 0.38
847 1.27
848 0.54
849 0.93
850 0.09
851 1.23
852 1.29
853 1.24
854 0.32
855 0.98
856 0.8
857 0.28
858 0.07
859 0.44
860 1.04
861 1.22
862 0.9
863 1.02
864 1.28
865 1.33
866 1.23
867 1.31
868 1.12
869 0.56
870 0.26
871 1.18
872 1.08
873 0.27
874 0.81
875 0.47
876 0.0
877 0.64
878 0.01
879 0.22
880 1.53
881 0.16
882 0.51
883 0.38
884 0.8
885 0.13
886 0.67
887 0.23
888 0.27
889 1.44
890 0.3
891 1.46
892 1.44
893 1.47
894 0.01
895 0.26
896 1.46
897 1.39
898 0.82
899 0.62
900 1.33
901 1.23
902 0.03
903 1.21
904 0.29
905 0.56
906 1.14
907 0.32
908 1.16
909 0.27
910 0.68
911 0.78
912 1.27
913 0.87
914 0.15
915 1.42
916 0.29
917 0.21
918 1.3
919 0.52
920 1.23
921 1.1
922 0.66
923 0.4
924 0.18
925 1.1
926 1.59
927 0.32
928 0.89
929 1.44
930 0.04
931 0.6
932 1.54
933 1.19
934 0.32
935 1.34
936 0.48
937 0.1
938 0.84
939 1.37
940 0.88
941 0.73
942 0.32
943 0.21
944 0.52
945 1.03
946 1.54
947 1.6
948 1.43
949 0.19
950 0.24
951 0.82
952 0.78
953 0.3
954 1.44
955 1.3
956 0.85
957 0.68
958 0.52
959 1.19
960 0.38
961 0.76
962 1.16
963 0.47
964 0.81
965 0.15
966 1.37
967 0.23
968 0.29
969 0.85
970 0.64
971 0.56
972 0.41
973 1.17
974 0.12
975 0.25
976 1.43
977 1.01
978 0.66
979 0.7
980 0.52
981 0.92
982 1.24
983 0.28
984 0.96
985 0.57
986 0.99
987 0.68
988 1.0
989 0.62
990 0.5
991 0.06
992 1.21
993 0.01
994 0.66
995 1.08
996 0.0
997 0.86
998 1.4
999 0.27
1000 0.24
1001 0.99
1002 0.97
1003 0.55
1004 0.76
1005 1.38
1006 0.09
1007 1.31
1008 0.55
1009 1.5
1010 1.28
1011 0.64
1012 1.48
1013 1.3
1014 0.59
1015 0.61
1016 1.1
1017 1.53
1018 0.07
1019 0.53
1020 0.63
1021 1.23
1022 0.45
1023 1.19
1024 0.35
1025 1.54
1026 1.45
1027 0.43
1028 1.58
1029 0.51
1030 1.14
1031 0.41
1032 0.52
1033 0.38
1034 0.19
1035 0.29
1036 0.27
1037 0.42
1038 1.29
1039 0.38
1040 0.49
1041 0.69
1042 0.56
1043 1.04
1044 0.43
1045 0.73
1046 1.06
1047 1.22
1048 0.32
1049 0.72
1050 0.82
1051 1.46
1052 0.3
1053 0.95
1054 0.81
1055 0.87
1056 0.52
1057 0.09
1058 0.49
1059 1.03
1060 1.25
1061 0.93
1062 1.54
1063 0.96
1064 1.04
1065 1.4
1066 0.07
1067 0.44
1068 0.21
1069 1.42
1070 0.72
1071 1.24
1072 1.52
1073 1.0
1074 1.52
1075 0.56
1076 1.12
1077 0.62
1078 0.21
1079 1.57
1080 1.0
1081 0.42
1082 1.52
1083 0.68
1084 0.62
1085 0.8
1086 1.42
1087 0.98
1088 0.56
1089 0.47
1090 1.49
1091 0.08
1092 0.82
1093 1.57
1094 0.58
1095 1.08
1096 0.74
1097 1.19
1098 1.5
1099 0.81
1100 0.21
1101 1.22
1102 1.28
1103 1.08
1104 0.32
1105 0.46
1106 1.22
1107 0.89
1108 0.33
1109 0.8
1110 0.12
1111 0.06
1112 0.97
1113 1.33
1114 0.07
1115 0.94
1116 1.15
1117 1.19
1118 1.32
1119 0.52
1120 0.83
1121 0.57
1122 0.32
1123 0.63
1124 0.03
1125 1.55
1126 1.07
1127 1.02
1128 1.34
1129 1.51
1130 0.68
1131 0.43
1132 0.53
1133 0.61
