0 0.15
1 0.71
2 0.63
3 0.79
4 0.59
5 0.92
6 0.23
7 1.35
8 0.04
9 0.31
10 0.54
11 0.72
12 0.55
13 0.19
14 1.15
15 1.46
16 0.04
17 1.0
18 0.59
19 0.44
20 0.49
21 1.31
22 0.61
23 0.71
24 0.09
25 1.26
26 0.88
27 0.94
28 1.26
29 1.44
30 0.03
31 0.77
32 1.13
33 0.4
34 1.27
35 0.74
36 1.03
37 0.93
38 0.27
39 0.54
40 1.01
41 1.3
42 0.64
43 1.48
44 0.69
45 0.31
46 0.03
47 0.58
48 0.55
49 0.94
50 1.15
51 0.58
52 0.5
53 1.19
54 0.54
55 0.49
56 0.53
57 1.31
58 1.32
59 0.64
60 0.35
61 1.31
62 0.98
63 1.27
64 1.46
65 0.34
66 1.52
67 1.41
68 1.22
69 1.01
70 0.94
71 0.73
72 0.34
73 0.51
74 0.19
75 1.08
76 0.18
77 0.86
78 1.27
79 1.18
80 1.16
81 0.11
82 1.29
83 0.92
84 1.17
85 0.9
86 0.03
87 0.74
88 1.42
89 0.54
90 0.12
91 0.08
92 0.14
93 0.01
94 0.79
95 1.06
96 1.49
97 1.5
98 0.88
99 1.41
100 1.23
101 0.44
102 1.02
103 0.28
104 0.78
105 0.36
106 1.16
107 0.85
108 1.32
109 1.45
110 0.71
111 0.07
112 1.51
113 0.74
114 0.16
115 0.19
116 0.86
117 1.31
118 0.04
119 1.19
120 0.59
121 0.99
122 0.53
123 0.92
124 1.16
125 0.36
126 0.23
127 1.48
128 0.45
129 0.9
130 0.6
131 0.67
132 0.1
133 0.16
134 1.12
135 0.08
136 0.75
137 1.08
138 1.31
139 1.36
140 0.91
141 0.46
142 0.45
143 0.38
144 0.72
145 0.09
146 0.49
147 0.87
148 1.2
149 1.1
150 0.66
151 0.08
152 0.2
153 0.49
154 0.18
155 1.21
156 0.19
157 1.51
158 0.76
159 0.2
160 1.52
161 0.59
162 0.62
163 0.35
164 1.17
165 1.52
166 0.52
167 1.43
168 0.76
169 0.62
170 1.08
171 0.14
172 0.62
173 0.57
174 1.26
175 1.52
176 0.92
177 1.39
178 0.65
179 1.4
180 1.36
181 0.54
182 1.32
183 0.64
184 1.02
185 0.3
186 0.03
187 0.27
188 0.26
189 0.88
190 0.94
191 0.3
192 1.53
193 0.12
194 0.82
195 0.63
196 1.11
197 1.45
198 0.86
199 0.47
200 0.85
201 1.45
202 0.71
203 0.14
204 1.46
205 0.82
206 0.48
207 0.07
208 0.62
209 0.38
210 0.11
211 0.69
212 0.1
213 1.27
214 0.59
215 1.01
216 0.42
217 0.58
218 0.65
219 1.11
220 1.38
221 1.11
222 0.03
223 0.15
224 0.25
225 0.78
226 1.2
227 1.14
228 0.98
229 1.14
230 1.06
231 0.37
232 0.35
233 0.82
234 1.49
235 1.09
236 0.85
237 1.47
238 0.04
239 1.44
240 1.29
241 0.53
242 0.76
243 0.14
244 0.3
245 0.9
246 0.98
247 0.31
248 0.09
249 0.71
250 0.45
251 0.78
252 0.78
253 0.8
254 0.54
255 0.14
256 1.29
257 0.38
258 0.83
259 1.28
260 0.01
261 1.41
262 0.32
263 0.63
264 0.91
265 1.35
266 0.73
267 0.75
268 0.25
269 1.02
270 0.04
271 0.05
272 0.15
273 0.85
274 0.6
275 0.52
276 0.94
277 1.07
278 0.67
279 0.09
280 1.2
281 0.42
282 1.46
283 0.63
284 1.19
285 1.33
286 0.79
287 0.71
288 0.52
289 0.82
290 0.13
291 0.01
292 0.46
293 1.24
294 0.05
295 0.51
296 1.17
297 0.23
298 1.21
299 0.23
300 0.04
301 0.64
302 1.12
303 0.01
304 1.38
305 0.12
306 0.86
307 1.11
308 0.61
309 0.62
310 0.85
311 0.8
312 0.96
313 0.77
314 0.96
315 0.49
316 1.33
317 0.83
318 0.63
319 0.67
320 1.32
321 1.05
322 1.07
323 0.74
324 0.63
325 0.82
326 0.16
327 1.4
328 0.81
329 0.93
330 1.51
331 1.08
332 0.1
333 0.52
334 0.02
335 0.28
336 1.03
337 1.11
338 1.02
339 0.77
340 0.03
341 0.78
342 0.23
343 0.07
344 1.34
345 0.34
346 1.36
347 1.29
348 0.66
349 0.03
350 0.88
351 1.43
352 1.22
353 1.33
354 0.61
355 0.56
356 0.65
357 1.52
358 1.3
359 0.78
360 0.56
361 0.84
362 0.1
363 0.73
364 0.11
365 0.07
366 1.07
367 0.86
368 0.04
369 0.44
370 0.55
371 0.36
372 0.48
373 0.52
374 0.58
375 1.32
376 0.25
377 0.09
378 1.3
379 0.1
380 0.56
381 0.67
382 0.75
383 1.39
384 0.42
385 0.1
386 0.4
387 0.54
388 0.02
389 1.12
390 1.12
391 0.73
392 0.5
393 1.13
394 0.7
395 0.61
396 0.78
397 0.73
398 0.1
399 0.27
400 0.23
401 0.34
402 0.8
403 0.19
404 0.74
405 0.72
406 1.45
407 0.2
408 0.27
409 0.62
410 0.21
411 1.5
412 0.42
413 1.13
414 0.9
415 1.25
416 1.07
417 0.58
418 0.33
419 0.48
420 0.29
421 0.19
422 1.37
423 0.61
424 1.19
425 1.02
426 0.6
427 0.19
428 0.9
429 0.54
430 0.47
431 0.57
432 0.62
433 0.6
434 0.72
435 1.42
436 0.62
437 0.26
438 1.0
439 1.33
440 0.58
441 0.65
442 0.59
443 0.35
444 1.4
445 0.06
446 0.66
447 1.22
448 0.89
449 1.03
450 0.79
451 1.12
452 0.29
453 1.36
454 1.0
455 0.25
456 0.29
457 0.91
458 0.69
459 0.57
460 0.5
461 0.07
462 0.81
463 1.29
464 1.15
465 0.41
466 1.37
467 0.23
468 0.04
469 0.92
470 1.12
471 1.24
472 1.48
473 0.9
474 0.86
475 0.78
476 1.08
477 1.18
478 0.34
479 0.82
480 1.18
481 1.01
482 0.27
483 0.87
484 0.16
485 0.86
486 0.38
487 0.4
488 0.7
489 0.72
490 1.0
491 0.78
492 0.6
493 1.38
494 1.29
495 1.17
496 1.18
497 0.41
498 0.65
499 0.35
500 0.07
501 0.86
502 0.84
503 0.5
504 0.35
505 0.63
506 0.83
507 0.37
508 0.03
509 1.27
510 0.68
511 1.25
512 0.13
513 1.05
514 1.19
515 0.83
516 1.37
517 0.37
518 0.7
519 1.5
520 0.03
521 0.18
522 0.98
523 0.57
524 0.71
525 0.16
526 1.42
527 0.16
528 1.21
529 1.46
530 0.35
531 0.64
532 0.99
533 0.11
534 0.11
535 0.45
536 0.93
537 0.72
538 1.45
539 0.78
540 0.57
541 0.9
542 0.53
543 0.72
544 0.75
545 1.25
546 0.18
547 0.96
548 0.97
549 0.76
550 0.67
551 0.49
552 0.89
553 0.43
554 0.26
555 0.19
556 1.21
557 0.29
558 0.47
559 1.16
560 0.44
561 0.22
562 1.4
563 1.5
564 1.43
565 0.67
566 0.83
567 1.03
568 1.01
569 0.23
570 1.44
571 1.44
572 0.0
573 0.8
574 0.94
575 0.18
576 1.24
577 0.7
578 0.68
579 0.9
580 0.75
581 1.4
582 1.46
583 1.19
584 1.09
585 1.3
586 0.54
587 1.15
588 1.21
589 0.02
590 1.0
591 0.41
592 0.06
593 1.45
594 0.49
595 0.68
596 0.7
597 1.18
598 0.84
599 1.18
600 1.07
601 0.72
602 0.75
603 0.58
604 1.2
605 0.09
606 0.88
607 0.14
608 0.89
609 0.84
610 0.5
611 0.34
612 0.95
613 0.87
614 0.48
615 0.97
616 1.31
617 0.75
618 1.42
619 0.41
620 0.79
621 0.05
622 1.37
623 1.34
624 1.38
625 0.94
626 0.56
627 0.53
628 1.44
629 0.4
630 1.28
631 1.05
632 0.25
633 1.18
634 0.27
635 1.01
636 1.04
637 0.39
638 0.7
639 0.48
640 0.98
641 1.15
642 0.15
643 0.52
644 0.59
645 0.08
646 0.36
647 0.13
648 0.8
649 0.72
650 0.64
651 0.42
652 0.66
653 0.38
654 0.81
655 0.04
656 0.29
657 0.74
658 1.25
659 0.62
660 0.93
661 0.79
662 0.39
663 0.51
664 1.34
665 0.18
666 1.49
667 0.04
668 0.17
669 0.35
670 1.03
671 0.55
672 0.04
673 0.15
674 0.5
675 1.02
676 0.78
677 1.19
678 0.96
679 0.31
680 1.1
681 0.19
682 0.86
683 0.17
684 0.08
685 1.36
686 0.11
687 0.91
688 0.27
689 0.85
690 0.57
691 1.47
692 0.71
693 1.46
694 1.46
695 0.05
696 0.09
697 0.81
698 0.22
699 0.12
700 0.23
701 0.8
702 1.43
703 0.1
704 1.03
705 0.47
706 1.33
707 1.25
708 0.74
709 1.21
710 1.49
711 0.44
712 0.62
713 0.37
714 0.72
715 0.75
716 0.11
717 0.66
718 1.37
719 0.23
720 1.47
721 0.85
722 0.95
723 0.45
724 0.98
725 0.78
726 0.73
727 1.07
728 0.9
729 0.05
730 0.43
731 0.49
732 0.81
733 0.3
734 0.49
735 0.04
736 0.25
737 1.18
738 0.56
739 0.86
740 0.8
741 0.37
742 0.64
743 0.83
744 1.21
745 1.25
746 1.0
747 1.01
748 0.91
749 0.4
750 1.14
751 0.3
752 0.23
753 0.0
754 0.68
755 0.82
756 0.07
757 1.37
758 0.41
759 1.01
760 0.44
761 0.92
762 0.46
763 0.47
764 0.83
765 1.1
766 1.25
767 1.34
768 0.76
769 0.5
770 1.3
771 1.26
772 1.49
773 1.25
774 0.23
775 0.52
776 1.47
777 1.25
778 0.48
779 0.93
780 0.38
781 0.01
782 1.26
783 0.23
784 0.24
785 0.6
786 0.64
787 1.14
788 1.36
789 0.87
790 1.44
791 0.78
792 0.14
793 0.34
794 0.96
795 0.92
796 0.26
797 0.97
798 1.03
799 0.51
800 0.85
801 1.24
802 1.48
803 0.68
804 1.25
805 0.17
806 1.02
807 0.06
808 0.21
809 0.97
810 1.2
811 0.77
812 0.5
813 0.66
814 0.14
815 0.25
816 0.35
817 0.76
818 0.75
819 1.31
820 1.25
821 1.05
822 0.24
823 1.39
824 0.32
825 0.7
826 1.04
827 1.31
828 0.99
829 0.27
830 0.43
831 1.4
832 0.31
833 1.27
834 0.34
835 0.58
836 0.42
837 0.85
838 0.78
839 0.12
840 1.16
841 0.77
842 0.71
843 0.21
844 0.75
845 0.96
846 0.62
847 0.88
848 1.49
849 0.95
850 0.61
851 1.14
852 0.96
853 0.4
854 1.24
855 1.44
856 0.03
857 0.75
858 0.23
859 1.06
860 0.29
861 0.29
862 0.07
863 0.1
864 0.71
865 0.53
866 0.35
867 0.54
868 0.93
869 0.27
870 0.78
871 1.35
872 0.56
873 1.18
874 0.05
875 0.56
876 0.18
877 0.47
878 1.11
879 1.38
880 0.4
881 0.28
882 0.45
883 1.01
884 0.53
885 0.03
886 0.64
887 0.18
888 0.15
889 0.77
890 0.73
891 0.32
892 0.6
893 0.09
894 0.27
895 1.37
896 0.58
897 0.13
898 0.27
899 1.01
900 1.01
901 1.23
902 1.29
903 0.69
904 0.83
905 0.28
906 1.21
907 0.98
908 1.22
909 0.28
910 1.29
911 0.42
912 0.19
913 0.35
914 1.1
915 0.71
916 0.21
917 0.62
918 1.03
919 0.12
920 0.61
921 0.88
922 1.05
923 0.14
924 0.42
925 1.18
926 1.44
927 0.83
928 0.23
929 1.1
930 0.14
931 0.16
932 0.41
933 1.21
934 1.23
935 0.12
936 0.54
937 0.75
938 0.47
939 0.03
940 0.58
941 0.29
942 0.76
943 0.86
944 0.99
945 0.66
946 1.31
947 0.3
948 1.06
949 0.84
950 1.23
951 1.36
952 0.44
953 0.82
954 0.52
955 0.66
956 0.78
957 0.63
958 1.41
959 0.16
960 0.87
961 0.12
962 0.95
963 1.27
964 0.46
965 0.72
966 0.56
967 0.98
968 1.15
969 1.11
970 0.54
971 0.34
972 1.04
973 0.46
974 0.69
975 0.66
976 1.41
977 0.66
978 1.35
979 1.34
980 0.81
981 0.25
982 1.52
983 0.5
984 1.08
985 0.13
986 1.24
987 1.42
988 0.38
989 1.53
990 1.2
991 0.89
992 0.87
993 0.57
994 0.2
995 1.51
996 1.51
997 0.38
998 0.96
999 0.88
1000 0.53
1001 0.63
1002 0.08
1003 1.45
1004 1.48
1005 1.35
1006 0.77
1007 0.1
1008 0.81
1009 0.97
1010 1.42
1011 0.52
1012 0.11
1013 1.44
1014 0.87
1015 0.4
1016 1.15
1017 0.98
1018 1.46
1019 1.51
1020 0.45
1021 0.2
1022 0.39
1023 0.81
1024 0.05
1025 1.43
1026 0.71
1027 1.07
1028 0.8
1029 0.84
1030 0.58
1031 1.39
1032 0.05
1033 0.88
1034 0.81
1035 1.23
1036 1.31
1037 1.0
1038 0.9
1039 0.0
1040 0.57
1041 1.35
1042 0.63
1043 1.07
1044 1.48
1045 0.27
1046 1.49
1047 0.41
1048 0.51
1049 0.04
1050 1.12
1051 1.47
1052 0.51
1053 1.46
1054 0.94
1055 0.33
1056 1.11
1057 0.2
1058 0.08
1059 0.35
1060 1.1
1061 0.76
1062 1.07
1063 0.36
1064 0.11
1065 0.53
1066 1.2
1067 1.15
1068 0.68
1069 0.08
1070 0.18
1071 1.02
1072 1.18
1073 0.11
1074 0.59
1075 0.73
1076 1.13
1077 0.91
1078 1.31
1079 1.09
1080 1.33
1081 0.51
1082 1.52
1083 0.01
1084 1.26
1085 0.35
1086 0.74
1087 0.43
1088 1.34
1089 1.31
1090 1.29
1091 1.16
1092 1.14
1093 0.43
1094 0.22
1095 1.05
1096 0.98
1097 0.79
1098 0.67
1099 1.03
1100 1.13
1101 1.15
1102 0.61
1103 0.58
1104 0.51
1105 0.49
1106 0.66
1107 0.31
1108 1.05
1109 1.25
1110 1.24
1111 0.09
1112 0.06
1113 0.9
1114 0.54
1115 1.45
1116 0.42
1117 0.66
1118 1.33
1119 1.42
1120 1.31
1121 0.08
1122 0.65
1123 1.17
1124 1.07
1125 0.79
1126 0.73
1127 0.23
1128 1.2
1129 0.94
1130 0.33
1131 0.99
1132 0.01
1133 0.51
