0 1.54
1 0.84
2 0.4
3 0.99
4 1.33
5 1.05
6 0.76
7 0.81
8 1.59
9 0.93
10 1.34
11 1.76
12 1.19
13 0.72
14 0.35
15 0.87
16 0.78
17 1.06
18 0.62
19 1.24
20 0.89
21 1.45
22 0.96
23 0.99
24 0.01
25 1.05
26 0.92
27 1.74
28 1.25
29 1.02
30 0.17
31 1.14
32 1.03
33 0.09
34 0.01
35 0.13
36 0.16
37 1.41
38 0.55
39 1.69
40 1.31
41 0.05
42 0.24
43 1.38
44 0.86
45 0.03
46 1.25
47 1.41
48 1.42
49 1.09
50 1.65
51 0.46
52 0.57
53 1.56
54 0.19
55 1.47
56 1.21
57 0.4
58 0.76
59 1.43
60 0.7
61 0.99
62 0.43
63 0.12
64 1.26
65 1.57
66 0.01
67 1.06
68 1.17
69 0.18
70 1.36
71 1.44
72 0.82
73 0.01
74 1.61
75 0.96
76 0.76
77 0.3
78 1.42
79 0.53
80 1.42
81 0.87
82 0.77
83 1.27
84 0.87
85 0.3
86 1.18
87 0.33
88 0.12
89 1.04
90 0.93
91 0.72
92 0.13
93 0.82
94 0.91
95 1.4
96 1.07
97 0.15
98 1.48
99 0.21
100 0.65
101 0.49
102 1.11
103 0.9
104 0.34
105 0.02
106 1.65
107 1.29
108 0.93
109 0.78
110 1.43
111 1.07
112 0.12
113 0.33
114 0.15
115 1.25
116 1.55
117 1.54
118 1.03
119 0.1
120 1.18
121 1.18
122 0.51
123 1.29
124 1.46
125 1.74
126 1.05
127 0.16
128 1.19
129 0.77
130 0.73
131 0.78
132 0.54
133 0.66
134 1.49
135 1.21
136 1.38
137 0.12
138 0.6
139 0.08
140 0.18
141 0.07
142 0.2
143 1.28
144 1.32
145 1.5
146 1.57
147 1.51
148 1.38
149 0.06
150 1.16
151 0.84
152 0.52
153 0.23
154 0.91
155 1.09
156 0.73
157 1.06
158 1.15
159 1.45
160 1.0
161 1.75
162 0.22
163 1.29
164 1.39
165 1.44
166 1.42
167 0.34
168 1.53
169 1.16
170 1.12
171 0.61
172 0.71
173 0.1
174 0.12
175 1.51
176 0.93
177 0.9
178 0.35
179 1.17
180 0.95
181 0.77
182 1.55
183 1.33
184 1.68
185 1.05
186 0.11
187 1.68
188 0.53
189 0.98
190 1.38
191 1.2
192 1.45
193 0.85
194 1.28
195 0.6
196 1.36
197 1.14
198 1.51
199 1.15
200 1.43
201 1.75
202 1.4
203 0.67
204 1.23
205 0.25
206 0.31
207 0.7
208 1.21
209 0.42
210 1.15
211 0.35
212 1.59
213 0.75
214 1.26
215 0.29
216 0.39
217 1.58
218 1.07
219 1.44
220 1.35
221 0.32
222 1.04
223 0.97
224 1.59
225 0.77
226 0.82
227 1.33
228 0.48
229 0.17
230 0.56
231 0.34
232 0.1
233 0.14
234 0.83
235 1.01
236 1.17
237 0.22
238 0.86
239 1.24
240 0.19
241 0.29
242 0.19
243 1.62
244 0.98
245 1.76
246 0.19
247 0.74
248 0.34
249 1.44
250 0.46
251 1.76
252 1.35
253 0.96
254 1.67
255 0.4
256 1.47
257 0.86
258 0.59
259 0.83
260 0.08
261 1.17
262 1.21
263 1.04
264 0.56
265 0.72
266 1.24
267 0.32
268 1.67
269 1.76
270 1.61
271 1.5
272 0.84
273 0.66
274 0.83
275 1.03
276 0.16
277 0.85
278 1.23
279 1.64
280 0.46
281 0.86
282 0.04
283 0.05
284 1.18
285 0.51
286 0.78
287 1.25
288 0.61
289 0.79
290 0.74
291 0.89
292 0.99
293 1.54
294 0.89
295 0.07
296 0.09
297 1.72
298 1.67
299 0.27
300 0.88
301 0.85
302 0.12
303 0.24
304 0.56
305 1.14
306 0.37
307 0.69
308 0.04
309 1.19
310 1.09
311 0.41
312 1.28
313 0.6
314 0.41
315 0.25
316 0.93
317 0.15
318 1.53
319 0.04
320 0.43
321 0.81
322 1.13
323 1.13
324 0.7
325 1.38
326 0.45
327 1.46
328 0.58
329 0.63
330 0.21
331 0.58
332 0.27
333 0.83
334 0.99
335 1.5
336 1.37
337 1.44
338 1.24
339 0.43
340 0.2
341 1.13
342 0.26
343 0.45
344 0.31
345 1.54
346 1.06
347 1.29
348 0.21
349 1.44
350 1.65
351 0.54
352 0.4
353 0.17
354 0.91
355 1.06
356 1.56
357 0.05
358 1.08
359 1.11
360 1.28
361 1.75
362 0.57
363 1.75
364 0.45
365 0.26
366 0.05
367 0.3
368 0.08
369 1.56
370 0.29
371 1.03
372 1.47
373 1.73
374 1.07
375 1.5
376 0.59
377 1.11
378 1.34
379 0.29
380 0.05
381 1.36
382 1.1
383 1.62
384 0.07
385 0.08
386 0.87
387 1.66
388 0.5
389 0.96
390 0.23
391 1.44
392 0.49
393 0.94
394 1.14
395 0.97
396 1.34
397 1.06
398 1.11
399 1.64
400 1.42
401 1.5
402 1.26
403 1.29
404 1.36
405 1.51
406 0.86
407 0.47
408 0.3
409 1.59
410 0.15
411 0.02
412 0.49
413 0.98
414 1.66
415 0.78
416 0.13
417 0.28
418 0.07
419 0.68
420 0.12
421 0.84
422 0.43
423 0.11
424 0.53
425 1.07
426 0.45
427 1.38
428 0.86
429 1.31
430 0.17
431 0.97
432 0.26
433 0.04
434 0.14
435 0.16
436 1.68
437 0.32
438 0.65
439 0.44
440 1.09
441 1.61
442 1.01
443 1.4
444 0.35
445 0.64
446 1.71
447 1.53
448 0.95
449 0.48
450 0.23
451 0.46
452 0.13
453 1.03
454 1.19
455 1.49
456 1.5
457 0.83
458 1.41
459 0.54
460 0.98
461 0.15
462 0.43
463 0.49
464 1.58
465 0.19
466 1.72
467 0.67
468 1.55
469 1.5
470 0.03
471 0.86
472 0.0
473 1.45
474 0.58
475 0.62
476 0.36
477 0.45
478 1.51
479 0.25
480 0.47
481 1.07
482 0.71
483 0.88
484 0.4
485 1.56
486 1.76
487 0.15
488 1.37
489 0.88
490 0.56
491 1.39
492 1.01
493 0.59
494 0.66
495 0.65
496 1.16
497 0.99
498 1.0
499 1.0
500 1.11
501 1.06
502 0.22
503 1.6
504 0.42
505 0.57
506 1.69
507 1.7
508 0.59
509 1.62
510 0.23
511 0.08
512 1.25
513 1.57
514 0.1
515 0.24
516 0.91
517 1.62
518 0.55
519 1.24
520 0.69
521 1.55
522 0.88
523 1.03
524 0.71
525 1.22
526 0.02
527 1.54
528 1.4
529 1.77
530 1.44
531 0.32
532 0.12
533 1.02
534 0.58
535 1.52
536 0.44
537 0.58
538 0.08
539 1.02
540 1.01
541 1.26
542 0.92
543 0.84
544 1.65
545 0.71
546 0.56
547 1.47
548 1.06
549 1.35
550 0.62
551 0.76
552 0.75
553 0.17
554 1.29
555 1.44
556 1.66
557 1.02
558 1.38
559 0.68
560 1.01
561 0.63
562 1.17
563 0.99
564 0.28
565 1.54
566 0.91
567 0.23
568 1.62
569 1.74
570 1.12
571 1.75
572 1.32
573 1.3
574 1.62
575 1.48
576 1.35
577 0.53
578 1.19
579 0.42
580 0.53
581 1.65
582 0.98
583 0.66
584 0.47
585 1.31
586 1.52
587 0.54
588 1.34
589 0.5
590 1.45
591 0.25
592 1.06
593 0.02
594 0.05
595 1.52
596 0.28
597 1.32
598 0.85
599 1.61
600 0.18
601 1.44
602 1.58
603 1.57
604 1.43
605 0.01
606 0.84
607 1.77
608 0.71
609 1.23
610 1.69
611 0.21
612 0.78
613 0.3
614 1.47
615 0.48
616 0.75
617 0.83
618 0.35
619 0.02
620 1.01
621 0.54
622 0.8
623 1.08
624 0.98
625 0.71
626 1.42
627 1.56
628 1.5
629 0.29
630 1.31
631 1.48
632 0.4
633 0.52
634 1.17
635 0.59
636 1.2
637 0.57
638 0.74
639 0.23
640 0.24
641 0.25
642 0.26
643 1.29
644 0.49
645 0.39
646 0.74
647 0.71
648 1.58
649 1.1
650 0.31
651 1.0
652 1.05
653 0.04
654 1.04
655 1.37
656 1.35
657 0.41
658 0.65
659 1.64
660 1.25
661 0.59
662 0.86
663 1.2
664 0.93
665 0.34
666 1.56
667 0.4
668 1.73
669 0.69
670 0.43
671 0.76
672 1.58
673 0.13
674 1.12
675 0.81
676 0.95
677 0.23
678 1.23
679 0.85
680 0.49
681 0.54
682 0.38
683 0.74
684 0.19
685 0.99
686 0.34
687 1.46
688 0.65
689 1.26
690 1.19
691 0.16
692 0.29
693 0.51
694 0.39
695 1.7
696 0.82
697 0.87
698 1.67
699 0.38
700 1.01
701 0.87
702 1.65
703 0.49
704 1.15
705 0.46
706 1.76
707 1.25
708 0.86
709 0.58
710 1.7
711 1.38
712 0.88
713 1.35
714 1.07
715 1.32
716 1.47
717 0.78
718 1.73
719 0.54
720 1.14
721 0.33
722 0.45
723 1.71
724 1.66
725 1.73
726 0.16
727 0.55
728 0.63
729 1.28
730 0.61
731 0.44
732 0.28
733 0.59
734 0.6
735 0.31
736 0.19
737 0.94
738 1.52
739 0.77
740 0.72
741 1.72
742 0.83
743 0.71
744 1.46
745 0.91
746 0.07
747 0.81
748 1.54
749 1.75
750 0.72
751 0.36
752 0.39
753 0.3
754 0.28
755 0.84
756 0.35
757 0.19
758 1.04
759 1.64
760 0.07
761 1.62
762 0.95
763 1.63
764 1.36
765 0.26
766 1.14
767 0.77
768 1.16
769 0.74
770 0.7
771 0.37
772 1.76
773 1.16
774 0.47
775 1.44
776 0.53
777 1.72
778 0.94
779 1.73
780 0.3
781 0.76
782 1.11
783 1.22
784 1.16
785 0.19
786 0.73
787 0.39
788 1.77
789 0.45
790 0.5
791 1.19
792 0.56
793 1.14
794 1.46
795 0.94
796 1.45
797 0.85
798 0.4
799 0.38
800 0.96
801 0.08
802 1.74
803 0.08
804 0.78
805 1.56
806 1.05
807 0.4
808 1.73
809 1.3
810 1.57
811 0.89
812 0.82
813 0.79
814 0.32
815 0.32
816 1.43
817 0.11
818 0.86
819 0.2
820 1.3
821 0.64
822 1.31
823 1.34
824 0.21
825 1.37
826 0.33
827 0.27
828 0.17
829 1.69
830 1.1
831 0.94
832 0.72
833 1.14
834 0.79
835 0.88
836 1.47
837 1.51
838 0.46
839 0.32
840 0.31
841 0.71
842 1.24
843 0.59
844 0.3
845 0.16
846 0.49
847 0.13
848 1.29
849 1.23
850 1.09
851 1.59
852 0.12
853 0.53
854 0.01
855 1.24
856 0.68
857 1.21
858 0.48
859 0.26
860 1.19
861 0.08
862 0.68
863 1.62
864 0.03
865 0.05
866 1.0
867 0.11
868 0.04
869 0.59
870 0.12
871 0.34
872 0.19
873 0.79
874 0.31
875 1.05
876 1.61
877 0.95
878 1.24
879 0.47
880 1.7
881 1.14
882 0.91
883 0.13
884 0.13
885 0.83
886 0.85
887 0.68
888 1.43
889 0.33
890 0.19
891 1.58
892 1.25
893 1.14
894 1.38
895 0.23
896 0.86
897 0.09
898 0.99
899 0.07
900 0.58
901 0.77
902 1.43
903 0.56
904 0.55
905 1.11
906 1.19
907 1.07
908 1.53
909 1.05
910 0.01
911 1.26
912 1.76
913 1.7
914 1.54
915 1.08
916 0.9
917 0.95
918 1.73
919 0.64
920 1.48
921 0.55
922 1.25
923 1.48
924 0.32
925 1.73
926 0.08
927 0.57
928 0.19
929 1.51
930 0.5
931 1.67
932 0.17
933 0.1
934 1.53
935 0.65
936 0.24
937 1.04
938 1.6
939 1.62
940 1.67
941 1.23
942 0.87
943 0.52
944 1.42
945 1.72
946 1.46
947 1.09
948 0.08
949 1.15
950 1.48
951 1.6
952 1.5
953 0.84
954 0.1
955 0.89
956 0.32
957 0.49
958 1.74
959 1.68
960 0.27
961 0.43
962 0.67
963 1.67
964 0.26
965 1.38
966 0.82
967 1.62
968 0.41
969 0.18
970 1.49
971 1.61
972 0.37
973 1.74
974 0.96
975 0.37
976 0.25
977 0.3
978 1.38
979 1.5
980 0.23
981 0.88
982 1.06
983 1.13
984 1.38
985 1.22
986 1.55
987 0.08
988 1.02
989 0.89
990 0.4
991 1.7
992 0.42
993 1.37
994 1.32
995 1.55
996 0.02
997 1.48
998 0.23
999 0.44
1000 0.23
1001 0.07
1002 1.71
1003 0.04
1004 1.02
1005 0.81
1006 0.75
1007 0.91
1008 0.46
1009 0.08
1010 0.59
1011 0.49
1012 0.46
1013 0.01
1014 0.75
1015 0.53
1016 1.26
1017 1.77
1018 1.33
1019 0.66
1020 1.24
1021 0.73
1022 1.4
1023 0.2
1024 1.37
1025 0.99
1026 0.4
1027 1.43
1028 0.03
1029 1.41
1030 0.81
1031 0.46
1032 0.4
1033 1.29
1034 0.33
1035 1.55
1036 0.38
1037 1.35
1038 1.68
1039 0.65
1040 0.38
1041 0.99
1042 0.68
1043 1.14
1044 1.3
1045 0.59
1046 1.76
1047 0.92
1048 0.41
1049 1.11
1050 0.68
1051 0.74
1052 0.05
1053 0.42
1054 0.07
1055 0.58
1056 1.68
1057 1.21
1058 0.19
1059 0.31
1060 0.45
1061 1.76
1062 1.48
1063 1.6
1064 0.43
1065 0.12
1066 0.23
1067 1.51
1068 0.35
1069 0.31
1070 0.28
1071 1.09
1072 0.48
1073 1.75
1074 0.8
1075 1.51
1076 0.27
1077 1.14
1078 0.02
1079 1.07
1080 1.54
1081 0.68
1082 1.45
1083 1.37
1084 1.58
1085 1.12
1086 1.65
1087 0.65
1088 1.19
1089 0.05
1090 1.7
1091 1.27
1092 0.53
1093 0.17
1094 0.28
1095 1.16
1096 1.45
1097 1.74
1098 0.41
1099 1.01
1100 0.02
1101 0.71
1102 0.17
1103 1.62
1104 1.29
1105 1.75
1106 1.65
1107 0.04
1108 1.57
1109 1.26
1110 0.6
1111 0.56
1112 0.41
1113 0.27
1114 0.25
1115 1.68
1116 1.27
1117 0.31
1118 1.05
1119 1.53
1120 0.14
1121 1.42
1122 1.01
1123 1.01
1124 0.13
1125 0.44
1126 0.05
1127 0.6
1128 0.1
1129 0.01
1130 1.11
1131 1.25
1132 0.88
1133 1.1
