0 1.92
1 0.95
2 1.56
3 0.81
4 1.22
5 0.69
6 2.4
7 1.02
8 2.66
9 2.0
10 0.91
11 0.4
12 2.58
13 0.73
14 1.08
15 2.0
16 1.02
17 0.84
18 0.27
19 1.91
20 0.21
21 1.79
22 2.22
23 2.52
24 1.48
25 1.96
26 0.19
27 2.24
28 1.83
29 1.46
30 2.72
31 1.58
32 0.17
33 1.25
34 0.7
35 2.3
36 2.47
37 0.42
38 1.07
39 0.12
40 2.68
41 2.58
42 2.22
43 0.77
44 2.19
45 0.24
46 1.61
47 2.12
48 0.49
49 0.8
50 1.27
51 1.34
52 1.31
53 1.67
54 1.33
55 0.55
56 0.3
57 0.73
58 0.95
59 0.24
60 0.24
61 0.16
62 2.68
63 1.58
64 1.95
65 0.98
66 1.65
67 0.97
68 1.58
69 2.69
70 1.71
71 0.7
72 0.63
73 1.18
74 2.47
75 0.13
76 0.73
77 2.21
78 2.55
79 0.24
80 1.74
81 0.91
82 1.19
83 2.25
84 1.29
85 2.29
86 0.66
87 1.69
88 1.59
89 0.62
90 2.48
91 0.96
92 2.02
93 1.7
94 0.88
95 0.17
96 2.68
97 2.37
98 2.7
99 0.54
100 0.88
101 2.07
102 2.19
103 1.23
104 1.6
105 1.65
106 0.58
107 0.27
108 2.35
109 0.22
110 1.45
111 1.42
112 0.61
113 2.59
114 1.72
115 1.25
116 2.56
117 0.14
118 0.75
119 2.44
120 1.27
121 2.2
122 0.85
123 1.44
124 0.6
125 1.59
126 0.41
127 0.41
128 2.22
129 0.73
130 0.84
131 2.62
132 0.38
133 1.25
134 1.22
135 1.49
136 0.24
137 0.15
138 2.3
139 1.18
140 2.29
141 0.93
142 1.35
143 1.34
144 1.46
145 0.6
146 0.99
147 0.03
148 2.72
149 0.11
150 1.95
151 0.73
152 2.14
153 2.65
154 0.76
155 1.37
156 0.06
157 1.47
158 1.9
159 0.08
160 2.55
161 1.83
162 1.05
163 2.38
164 1.93
165 0.99
166 2.49
167 2.0
168 2.64
169 1.64
170 1.76
171 2.0
172 2.65
173 0.6
174 1.5
175 1.92
176 1.63
177 1.6
178 2.59
179 2.3
180 2.16
181 2.59
182 0.66
183 0.13
184 1.57
185 1.04
186 1.01
187 1.32
188 1.26
189 1.53
190 1.99
191 0.99
192 1.7
193 0.12
194 1.98
195 1.32
196 1.42
197 1.41
198 2.09
199 2.21
200 0.31
201 0.1
202 1.89
203 2.37
204 0.82
205 0.51
206 1.12
207 1.93
208 0.4
209 1.13
210 2.36
211 1.49
212 1.99
213 2.12
214 0.32
215 0.19
216 2.54
217 0.95
218 0.53
219 0.66
220 0.45
221 2.16
222 0.65
223 2.57
224 0.9
225 0.47
226 2.57
227 0.76
228 0.02
229 1.44
230 0.75
231 1.95
232 2.16
233 0.66
234 0.68
235 1.45
236 1.26
237 1.03
238 2.6
239 2.25
240 1.02
241 2.38
242 0.42
243 2.62
244 0.55
245 1.43
246 1.49
247 1.4
248 2.22
249 0.57
250 0.2
251 0.97
252 1.54
253 1.23
254 0.91
255 0.88
256 0.01
257 0.53
258 0.84
259 0.65
260 1.47
261 2.09
262 1.65
263 0.34
264 2.27
265 1.25
266 2.55
267 1.5
268 2.7
269 1.26
270 0.82
271 1.95
272 0.19
273 0.32
274 0.44
275 0.71
276 1.16
277 2.39
278 1.91
279 2.47
280 1.84
281 1.78
282 1.25
283 2.52
284 2.66
285 1.86
286 1.27
287 2.37
288 2.15
289 1.0
290 1.22
291 0.41
292 0.46
293 1.68
294 0.32
295 2.58
296 1.8
297 2.29
298 0.91
299 0.57
300 1.26
301 0.68
302 0.73
303 2.45
304 2.7
305 0.91
306 2.71
307 0.8
308 0.78
309 2.0
310 2.35
311 1.33
312 0.47
313 2.35
314 2.31
315 2.28
316 0.74
317 0.47
318 0.94
319 1.58
320 2.66
321 1.44
322 1.86
323 2.13
324 2.35
325 0.22
326 1.0
327 1.63
328 0.77
329 2.2
330 2.68
331 1.19
332 1.52
333 2.24
334 1.58
335 1.35
336 1.58
337 2.59
338 1.34
339 0.85
340 1.7
341 0.53
342 1.84
343 0.74
344 0.66
345 0.75
346 0.76
347 0.57
348 2.25
349 1.11
350 0.2
351 2.3
352 2.36
353 1.56
354 0.51
355 2.46
356 0.67
357 1.87
358 1.88
359 0.22
360 0.36
361 0.6
362 0.78
363 0.31
364 0.44
365 1.43
366 2.71
367 0.19
368 0.75
369 2.1
370 2.21
371 1.54
372 1.27
373 2.09
374 0.26
375 0.12
376 1.66
377 1.19
378 0.23
379 2.7
380 0.33
381 1.15
382 1.46
383 1.56
384 0.52
385 0.18
386 0.27
387 1.13
388 2.48
389 2.58
390 0.39
391 1.66
392 2.21
393 0.87
394 1.07
395 1.72
396 1.66
397 1.14
398 1.44
399 1.64
400 1.13
401 1.91
402 2.72
403 1.19
404 0.3
405 1.51
406 2.26
407 1.3
408 0.73
409 1.57
410 2.13
411 0.4
412 1.03
413 1.99
414 0.22
415 1.93
416 1.16
417 1.61
418 1.15
419 2.52
420 2.39
421 2.63
422 0.55
423 1.86
424 2.09
425 0.46
426 0.08
427 0.18
428 0.24
429 1.1
430 1.9
431 1.38
432 2.35
433 2.34
434 1.46
435 1.47
436 1.59
437 2.63
438 2.52
439 1.5
440 2.39
441 0.99
442 0.87
443 1.92
444 0.34
445 2.01
446 0.71
447 2.32
448 0.14
449 1.93
450 0.64
451 0.91
452 0.83
453 1.5
454 2.39
455 1.46
456 1.82
457 1.48
458 2.31
459 1.34
460 1.72
461 1.46
462 0.74
463 2.5
464 0.03
465 2.67
466 1.64
467 0.39
468 0.96
469 1.06
470 2.58
471 1.48
472 0.85
473 0.05
474 2.03
475 1.12
476 0.25
477 0.16
478 1.55
479 0.79
480 2.33
481 2.35
482 2.08
483 2.2
484 0.49
485 2.07
486 2.4
487 2.44
488 1.03
489 0.64
490 2.57
491 1.22
492 2.08
493 0.91
494 2.16
495 0.65
496 1.11
497 1.09
498 1.1
499 1.37
500 1.02
501 1.28
502 2.65
503 1.35
504 2.2
505 0.07
506 0.26
507 0.69
508 1.81
509 1.34
510 1.92
511 0.73
512 0.2
513 2.56
514 1.63
515 0.26
516 1.53
517 0.05
518 1.41
519 2.64
520 1.18
521 0.89
522 1.06
523 2.28
524 1.09
525 1.7
526 0.03
527 0.91
528 0.9
529 0.36
530 2.33
531 1.59
532 2.1
533 1.53
534 2.12
535 1.95
536 0.31
537 2.44
538 1.76
539 0.84
540 0.03
541 2.6
542 0.32
543 2.37
544 1.04
545 1.97
546 2.07
547 1.14
548 0.03
549 0.53
550 1.21
551 0.34
552 0.83
553 0.6
554 1.86
555 2.03
556 2.64
557 0.12
558 1.0
559 0.2
560 1.31
561 1.06
562 1.37
563 2.58
564 1.43
565 2.63
566 0.65
567 0.92
568 1.76
569 0.93
570 0.38
571 1.37
572 2.47
573 0.53
574 2.22
575 1.3
576 2.19
577 0.16
578 1.95
579 0.92
580 1.29
581 2.37
582 1.45
583 2.16
584 0.23
585 1.12
586 1.05
587 2.29
588 0.73
589 2.41
590 0.52
591 0.11
592 1.92
593 0.67
594 2.33
595 0.13
596 1.28
597 1.89
598 0.56
599 2.11
600 1.57
601 2.0
602 2.51
603 0.6
604 1.48
605 1.46
606 2.25
607 1.98
608 2.11
609 0.76
610 1.72
611 1.7
612 1.87
613 1.41
614 2.3
615 2.08
616 1.35
617 0.05
618 2.13
619 2.26
620 2.27
621 0.43
622 2.47
623 1.37
624 1.88
625 2.27
626 0.68
627 1.15
628 2.33
629 0.44
630 0.15
631 0.92
632 0.51
633 0.25
634 2.15
635 0.33
636 0.9
637 2.55
638 1.65
639 2.31
640 1.1
641 0.03
642 2.07
643 0.97
644 0.83
645 1.34
646 2.18
647 1.13
648 0.93
649 1.75
650 1.63
651 0.51
652 0.98
653 0.6
654 2.12
655 0.39
656 1.15
657 0.64
658 1.84
659 2.53
660 2.36
661 0.05
662 1.79
663 2.35
664 1.27
665 0.9
666 2.26
667 1.99
668 2.05
669 0.32
670 2.52
671 2.56
672 1.77
673 1.92
674 0.19
675 0.57
676 1.76
677 0.68
678 1.34
679 0.27
680 0.06
681 0.93
682 0.88
683 1.64
684 0.93
685 1.87
686 0.47
687 1.55
688 0.72
689 2.31
690 1.39
691 1.62
692 1.55
693 1.14
694 2.3
695 2.1
696 2.09
697 1.99
698 0.26
699 0.55
700 0.59
701 0.61
702 2.12
703 0.91
704 1.28
705 2.64
706 1.0
707 0.01
708 2.16
709 1.32
710 2.6
711 2.21
712 2.31
713 2.03
714 1.37
715 0.15
716 2.7
717 1.16
718 1.0
719 0.79
720 2.29
721 1.49
722 2.51
723 1.08
724 0.57
725 1.62
726 1.55
727 1.67
728 2.64
729 2.46
730 1.69
731 0.38
732 0.23
733 0.48
734 2.3
735 0.88
736 2.03
737 1.34
738 1.11
739 2.29
740 1.29
741 0.17
742 2.29
743 0.51
744 0.98
745 1.35
746 2.46
747 1.9
748 0.65
749 0.86
750 1.71
751 0.46
752 1.36
753 0.24
754 0.21
755 2.05
756 2.49
757 0.09
758 2.05
759 0.22
760 0.91
761 1.34
762 2.08
763 2.2
764 1.03
765 1.6
766 0.56
767 0.18
768 2.32
769 2.6
770 0.55
771 0.06
772 0.46
773 0.64
774 2.14
775 1.25
776 0.41
777 0.62
778 2.72
779 2.46
780 1.06
781 0.35
782 1.88
783 1.7
784 1.27
785 0.6
786 1.34
787 0.0
788 0.8
789 2.01
790 2.28
791 2.42
792 2.64
793 1.12
794 1.35
795 0.59
796 1.18
797 1.52
798 0.64
799 2.41
800 1.55
801 2.24
802 2.1
803 0.45
804 2.0
805 2.32
806 0.46
807 2.7
808 0.56
809 2.51
810 0.16
811 1.48
812 0.15
813 0.71
814 0.65
815 0.11
816 1.13
817 1.19
818 0.97
819 0.03
820 1.88
821 0.11
822 0.06
823 0.61
824 2.32
825 1.79
826 2.42
827 0.63
828 2.08
829 0.37
830 2.19
831 0.06
832 1.19
833 0.61
834 0.73
835 2.09
836 1.09
837 2.31
838 2.61
839 0.46
840 0.76
841 2.15
842 0.93
843 1.5
844 0.31
845 0.38
846 1.59
847 1.61
848 2.47
849 0.32
850 1.36
851 0.06
852 0.71
853 2.52
854 0.95
855 1.27
856 1.36
857 1.53
858 2.64
859 1.06
860 1.51
861 0.81
862 2.12
863 1.87
864 1.45
865 2.25
866 2.37
867 2.62
868 0.89
869 2.1
870 1.49
871 1.41
872 1.37
873 1.15
874 0.99
875 0.33
876 1.04
877 0.89
878 2.02
879 2.22
880 2.04
881 0.59
882 2.17
883 2.54
884 0.84
885 2.59
886 2.67
887 0.52
888 0.71
889 2.05
890 0.21
891 0.05
892 1.39
893 0.17
894 0.18
895 2.07
896 0.86
897 0.67
898 0.23
899 0.36
900 2.51
901 2.11
902 1.34
903 0.47
904 2.49
905 0.68
906 1.97
907 1.32
908 1.83
909 1.94
910 1.89
911 2.29
912 0.92
913 2.59
914 1.33
915 2.46
916 1.4
917 1.35
918 2.03
919 0.33
920 0.3
921 0.7
922 1.06
923 1.49
924 2.14
925 0.74
926 0.74
927 2.08
928 0.53
929 1.09
930 1.14
931 0.33
932 0.63
933 0.62
934 2.15
935 2.58
936 0.76
937 0.14
938 0.17
939 2.61
940 1.61
941 0.19
942 2.55
943 0.95
944 1.34
945 0.01
946 2.43
947 1.47
948 0.65
949 0.87
950 0.3
951 1.19
952 1.68
953 0.86
954 0.18
955 0.6
956 0.69
957 2.65
958 2.4
959 1.68
960 1.74
961 1.92
962 2.16
963 1.09
964 0.35
965 0.45
966 0.13
967 0.1
968 0.27
969 0.57
970 1.78
971 0.93
972 0.48
973 2.3
974 1.71
975 2.64
976 1.67
977 2.25
978 1.58
979 2.65
980 1.32
981 1.54
982 2.03
983 0.9
984 2.09
985 2.14
986 0.13
987 1.86
988 0.41
989 0.65
990 2.25
991 2.04
992 0.75
993 1.79
994 2.29
995 1.12
996 1.69
997 0.86
998 2.63
999 0.69
1000 1.94
1001 2.22
1002 0.44
1003 1.65
1004 2.06
1005 0.29
1006 1.13
1007 0.39
1008 0.09
1009 0.25
1010 1.71
1011 0.98
1012 0.92
1013 0.21
1014 1.36
1015 2.45
1016 1.64
1017 0.21
1018 1.73
1019 2.17
1020 1.43
1021 1.33
1022 2.15
1023 1.83
1024 0.17
1025 1.41
1026 1.88
1027 0.21
1028 1.81
1029 2.42
1030 0.59
1031 2.4
1032 1.92
1033 0.89
1034 2.33
1035 1.41
1036 1.32
1037 1.25
1038 1.92
1039 1.57
1040 2.07
1041 0.99
1042 0.09
1043 1.24
1044 1.09
1045 2.13
1046 0.38
1047 0.61
1048 1.53
1049 1.73
1050 1.6
1051 1.35
1052 0.74
1053 0.07
1054 2.26
1055 1.21
1056 2.29
1057 2.26
1058 0.03
1059 0.55
1060 1.39
1061 2.22
1062 2.41
1063 1.12
1064 0.34
1065 0.36
1066 1.9
1067 2.04
1068 1.36
1069 0.83
1070 2.17
1071 1.41
1072 1.17
1073 2.68
1074 2.08
1075 2.37
1076 0.53
1077 1.91
1078 0.82
1079 0.66
1080 0.37
1081 1.18
1082 1.48
1083 2.46
1084 0.9
1085 0.6
1086 0.97
1087 0.95
1088 0.92
1089 0.12
1090 1.81
1091 0.37
1092 0.12
1093 0.08
1094 0.27
1095 1.26
1096 1.6
1097 2.65
1098 0.75
1099 1.84
1100 0.1
1101 0.3
1102 0.59
1103 0.1
1104 0.81
1105 1.16
1106 1.88
1107 1.55
1108 2.46
1109 2.43
1110 1.53
1111 0.88
1112 1.89
1113 0.58
1114 2.37
1115 1.46
1116 1.84
1117 2.55
1118 1.7
1119 2.62
1120 2.56
1121 0.8
1122 1.37
1123 0.64
1124 1.63
1125 1.78
1126 2.07
1127 1.49
1128 0.86
1129 2.41
1130 0.2
1131 2.03
1132 1.69
1133 2.56
