0 1.68
1 0.95
2 1.26
3 0.63
4 0.57
5 0.82
6 0.33
7 1.24
8 0.82
9 1.74
10 0.61
11 0.58
12 0.23
13 1.54
14 1.58
15 1.16
16 1.44
17 0.92
18 1.25
19 0.52
20 1.2
21 0.27
22 1.25
23 0.43
24 0.65
25 1.17
26 1.13
27 0.94
28 0.15
29 0.67
30 0.66
31 0.74
32 1.3
33 1.01
34 0.69
35 0.18
36 1.58
37 0.16
38 1.01
39 0.14
40 1.17
41 0.84
42 0.98
43 0.8
44 0.79
45 0.35
46 1.59
47 1.37
48 0.74
49 0.86
50 0.59
51 0.58
52 1.53
53 1.0
54 0.12
55 1.63
56 1.32
57 0.67
58 1.08
59 0.72
60 1.05
61 0.15
62 1.24
63 0.64
64 1.68
65 0.62
66 0.86
67 0.0
68 0.37
69 1.74
70 1.79
71 1.46
72 0.73
73 1.08
74 0.48
75 0.63
76 0.23
77 0.82
78 0.42
79 1.2
80 0.21
81 0.06
82 0.63
83 0.42
84 0.25
85 0.59
86 0.13
87 0.39
88 0.02
89 0.9
90 1.08
91 1.75
92 1.74
93 0.91
94 0.17
95 0.34
96 0.07
97 0.91
98 0.74
99 0.5
100 1.06
101 1.32
102 0.64
103 1.61
104 0.92
105 0.26
106 0.25
107 0.94
108 1.43
109 0.04
110 0.4
111 1.79
112 1.4
113 1.14
114 1.04
115 1.15
116 1.5
117 1.13
118 0.2
119 0.95
120 0.52
121 1.46
122 1.13
123 0.32
124 1.44
125 0.6
126 0.42
127 1.5
128 0.51
129 1.45
130 0.6
131 1.4
132 1.77
133 0.96
134 1.51
135 1.12
136 1.02
137 1.34
138 1.14
139 0.71
140 1.67
141 0.74
142 0.62
143 1.01
144 0.92
145 1.09
146 0.19
147 1.54
148 1.37
149 0.96
150 0.26
151 0.27
152 0.94
153 0.74
154 0.73
155 1.46
156 1.16
157 0.44
158 1.27
159 0.65
160 0.21
161 1.78
162 0.21
163 0.22
164 0.56
165 0.81
166 1.73
167 1.69
168 0.56
169 1.09
170 0.63
171 0.2
172 1.58
173 1.12
174 1.16
175 0.51
176 1.03
177 0.1
178 0.01
179 0.81
180 0.91
181 0.0
182 1.7
183 1.05
184 1.34
185 0.13
186 0.94
187 0.91
188 0.6
189 0.81
190 0.89
191 0.92
192 1.08
193 0.17
194 1.08
195 0.51
196 0.61
197 1.68
198 1.76
199 0.05
200 0.6
201 0.01
202 0.06
203 1.07
204 0.35
205 1.26
206 1.63
207 0.24
208 1.76
209 0.78
210 0.61
211 0.81
212 1.7
213 1.45
214 1.8
215 1.61
216 1.42
217 1.73
218 1.32
219 0.82
220 1.39
221 0.04
222 1.43
223 1.29
224 1.76
225 1.6
226 1.49
227 1.17
228 0.36
229 1.56
230 1.07
231 0.25
232 1.27
233 1.66
234 0.99
235 0.07
236 1.66
237 0.63
238 1.44
239 0.93
240 1.09
241 0.28
242 1.3
243 0.43
244 0.85
245 0.04
246 1.09
247 0.26
248 1.77
249 1.17
250 0.31
251 1.27
252 1.31
253 1.39
254 1.47
255 1.74
256 0.76
257 1.33
258 0.84
259 1.72
260 1.15
261 1.31
262 0.82
263 1.48
264 1.23
265 1.48
266 1.28
267 1.32
268 1.26
269 1.12
270 0.29
271 1.58
272 1.77
273 1.42
274 0.42
275 1.35
276 0.83
277 1.75
278 1.16
279 1.37
280 0.56
281 0.4
282 0.76
283 1.4
284 0.8
285 1.78
286 0.02
287 0.52
288 1.48
289 0.73
290 0.42
291 0.57
292 1.19
293 1.4
294 1.13
295 1.01
296 1.72
297 0.91
298 1.67
299 1.46
300 0.8
301 1.54
302 0.25
303 1.3
304 1.62
305 1.54
306 0.68
307 1.33
308 0.8
309 0.99
310 0.73
311 0.38
312 1.18
313 0.83
314 1.68
315 0.55
316 1.33
317 0.23
318 1.6
319 0.95
320 0.23
321 0.44
322 1.19
323 1.45
324 0.52
325 0.95
326 1.57
327 1.18
328 1.22
329 1.11
330 1.44
331 1.6
332 1.7
333 1.16
334 1.77
335 0.18
336 0.06
337 0.77
338 0.93
339 1.65
340 0.3
341 1.36
342 1.27
343 1.06
344 0.17
345 1.22
346 0.34
347 0.91
348 1.45
349 0.81
350 0.6
351 1.04
352 1.74
353 0.84
354 0.67
355 0.03
356 0.39
357 0.48
358 1.34
359 0.2
360 1.48
361 1.68
362 1.7
363 1.2
364 0.4
365 0.86
366 1.31
367 0.99
368 0.56
369 0.09
370 0.04
371 0.61
372 0.15
373 0.88
374 1.55
375 1.13
376 1.16
377 0.69
378 1.08
379 0.75
380 1.24
381 1.37
382 0.87
383 0.63
384 0.74
385 0.15
386 0.13
387 1.78
388 0.79
389 1.63
390 0.32
391 1.08
392 1.7
393 0.14
394 1.77
395 1.08
396 1.18
397 1.31
398 0.46
399 1.35
400 1.22
401 0.16
402 0.8
403 0.68
404 0.9
405 1.39
406 1.18
407 1.52
408 0.53
409 1.67
410 1.22
411 1.35
412 0.41
413 1.5
414 1.33
415 1.56
416 0.46
417 0.43
418 0.76
419 1.42
420 1.17
421 0.44
422 0.88
423 0.01
424 1.66
425 0.37
426 1.76
427 0.42
428 1.57
429 1.02
430 0.45
431 0.29
432 0.08
433 0.98
434 0.0
435 1.69
436 0.14
437 1.0
438 1.03
439 0.57
440 0.64
441 1.79
442 1.8
443 1.21
444 1.27
445 0.09
446 0.49
447 1.04
448 1.14
449 0.2
450 1.43
451 0.03
452 0.39
453 0.4
454 0.16
455 0.26
456 1.26
457 0.44
458 1.2
459 0.27
460 0.14
461 1.76
462 0.57
463 1.07
464 1.75
465 0.14
466 1.24
467 0.01
468 0.84
469 1.36
470 0.58
471 0.78
472 0.02
473 0.66
474 0.05
475 0.17
476 0.49
477 0.49
478 0.22
479 0.48
480 1.66
481 0.22
482 0.54
483 0.49
484 1.63
485 0.57
486 0.78
487 1.05
488 1.04
489 1.4
490 0.72
491 1.56
492 1.48
493 0.66
494 1.21
495 1.35
496 0.76
497 1.08
498 0.95
499 1.66
500 1.63
501 1.04
502 0.71
503 1.27
504 1.09
505 0.38
506 0.76
507 1.56
508 0.19
509 0.63
510 0.61
511 0.67
512 1.09
513 0.44
514 0.83
515 1.77
516 0.69
517 0.65
518 0.47
519 1.31
520 1.62
521 1.2
522 1.12
523 1.65
524 0.05
525 0.94
526 0.36
527 0.75
528 0.21
529 1.24
530 0.19
531 0.38
532 0.01
533 0.32
534 0.42
535 0.48
536 0.55
537 1.74
538 1.69
539 1.04
540 1.5
541 1.64
542 0.52
543 0.97
544 0.3
545 0.0
546 1.23
547 1.01
548 0.94
549 0.43
550 0.79
551 0.33
552 1.52
553 1.32
554 0.86
555 0.08
556 0.13
557 1.06
558 0.93
559 1.42
560 1.78
561 1.26
562 0.55
563 0.62
564 1.09
565 1.34
566 1.68
567 1.63
568 0.51
569 0.75
570 0.72
571 1.7
572 1.31
573 1.73
574 1.51
575 0.32
576 1.5
577 0.7
578 1.12
579 1.71
580 0.63
581 0.77
582 0.23
583 0.14
584 1.31
585 1.5
586 0.17
587 1.49
588 1.21
589 0.7
590 1.44
591 1.18
592 0.74
593 1.75
594 1.48
595 0.93
596 0.27
597 1.78
598 0.11
599 0.75
600 1.25
601 0.94
602 0.83
603 0.47
604 1.34
605 1.42
606 1.17
607 0.38
608 0.15
609 0.42
610 1.08
611 0.37
612 0.55
613 0.69
614 1.54
615 0.47
616 0.54
617 0.05
618 0.69
619 0.6
620 0.51
621 0.23
622 0.58
623 1.69
624 0.51
625 0.14
626 1.08
627 0.52
628 1.26
629 1.71
630 1.71
631 1.64
632 0.86
633 0.83
634 1.79
635 1.79
636 0.12
637 0.52
638 0.42
639 0.16
640 1.32
641 1.75
642 1.45
643 0.77
644 1.77
645 0.76
646 0.84
647 1.09
648 0.69
649 0.73
650 0.7
651 0.11
652 0.62
653 0.12
654 1.26
655 0.25
656 0.34
657 0.12
658 1.3
659 0.33
660 1.51
661 0.85
662 1.2
663 0.43
664 1.39
665 1.2
666 0.48
667 1.7
668 0.35
669 1.01
670 0.32
671 1.61
672 1.32
673 1.78
674 1.1
675 1.27
676 1.35
677 0.47
678 0.58
679 1.43
680 1.6
681 1.48
682 1.07
683 1.26
684 0.6
685 0.16
686 1.37
687 1.51
688 1.62
689 0.51
690 1.52
691 0.85
692 0.66
693 1.71
694 1.62
695 0.71
696 0.99
697 1.33
698 0.75
699 0.44
700 0.23
701 0.53
702 0.34
703 1.3
704 1.03
705 1.71
706 0.81
707 0.16
708 1.22
709 0.7
710 1.06
711 1.25
712 0.7
713 0.27
714 1.31
715 1.68
716 1.18
717 0.56
718 1.12
719 1.11
720 1.59
721 1.08
722 1.12
723 0.79
724 1.64
725 0.69
726 0.1
727 0.53
728 0.63
729 0.39
730 0.91
731 0.38
732 1.55
733 0.85
734 1.36
735 0.88
736 1.36
737 0.16
738 1.54
739 0.14
740 1.38
741 0.52
742 1.46
743 0.13
744 0.02
745 0.92
746 1.28
747 0.6
748 0.99
749 0.44
750 1.77
751 0.5
752 1.73
753 1.33
754 1.55
755 1.47
756 1.26
757 1.01
758 0.03
759 0.07
760 1.31
761 0.52
762 1.38
763 1.39
764 0.58
765 0.45
766 1.43
767 0.12
768 0.11
769 1.02
770 1.19
771 0.77
772 0.88
773 0.94
774 0.06
775 0.25
776 0.75
777 0.5
778 1.09
779 0.4
780 0.9
781 1.69
782 0.89
783 0.55
784 1.45
785 0.96
786 1.14
787 0.93
788 1.18
789 1.14
790 1.46
791 0.01
792 0.15
793 0.92
794 0.74
795 1.01
796 0.38
797 0.26
798 1.45
799 0.17
800 1.22
801 0.39
802 1.63
803 0.92
804 0.4
805 0.8
806 1.31
807 1.07
808 0.64
809 1.05
810 0.3
811 0.8
812 1.49
813 0.19
814 0.45
815 0.87
816 1.53
817 0.75
818 1.8
819 0.37
820 0.51
821 0.15
822 1.06
823 0.05
824 0.16
825 1.35
826 1.17
827 1.57
828 0.23
829 0.97
830 0.46
831 0.81
832 1.49
833 1.79
834 1.63
835 1.37
836 0.8
837 0.94
838 1.68
839 0.19
840 0.34
841 1.02
842 1.65
843 1.63
844 1.0
845 0.69
846 1.2
847 1.34
848 0.23
849 1.08
850 1.36
851 0.39
852 0.66
853 1.06
854 0.6
855 0.9
856 0.4
857 0.78
858 0.8
859 1.4
860 1.41
861 1.24
862 0.07
863 0.18
864 1.57
865 0.71
866 1.3
867 0.81
868 1.67
869 0.84
870 0.61
871 1.62
872 1.09
873 0.94
874 0.91
875 1.72
876 0.81
877 0.87
878 1.35
879 0.94
880 0.34
881 1.49
882 1.04
883 0.21
884 0.79
885 0.62
886 0.07
887 0.11
888 1.31
889 1.65
890 1.47
891 1.02
892 0.55
893 0.99
894 0.55
895 0.52
896 0.44
897 0.23
898 0.43
899 1.19
900 0.6
901 1.07
902 0.26
903 0.7
904 1.77
905 0.2
906 0.98
907 0.93
908 0.3
909 1.1
910 1.18
911 1.28
912 0.95
913 1.52
914 1.55
915 1.34
916 1.21
917 0.16
918 0.94
919 0.9
920 1.69
921 1.08
922 1.47
923 0.48
924 0.18
925 1.59
926 1.36
927 0.56
928 0.49
929 0.43
930 1.03
931 0.9
932 0.92
933 0.73
934 0.38
935 0.66
936 0.93
937 0.61
938 0.14
939 1.27
940 1.52
941 0.3
942 1.65
943 1.57
944 1.58
945 1.74
946 0.94
947 0.21
948 1.37
949 0.52
950 0.36
951 1.62
952 1.5
953 0.68
954 1.13
955 0.22
956 1.6
957 0.66
958 0.32
959 0.32
960 0.86
961 0.64
962 0.74
963 0.4
964 0.19
965 0.72
966 1.73
967 0.92
968 1.48
969 0.9
970 0.27
971 0.73
972 0.77
973 0.02
974 1.2
975 0.15
976 0.3
977 0.61
978 0.03
979 1.75
980 0.58
981 0.09
982 0.21
983 0.74
984 0.94
985 0.26
986 0.21
987 1.08
988 1.43
989 1.32
990 1.34
991 1.61
992 0.79
993 0.36
994 1.65
995 1.36
996 1.73
997 0.44
998 0.09
999 1.42
1000 1.52
1001 0.33
1002 0.28
1003 1.36
1004 1.07
1005 0.11
1006 0.76
1007 1.22
1008 0.87
1009 0.2
1010 0.3
1011 1.5
1012 0.47
1013 0.99
1014 1.65
1015 0.31
1016 0.11
1017 0.73
1018 1.57
1019 0.55
1020 0.23
1021 1.0
1022 1.69
1023 0.31
1024 1.01
1025 1.55
1026 0.22
1027 0.29
1028 1.4
1029 0.87
1030 0.06
1031 1.4
1032 0.36
1033 1.46
1034 1.77
1035 0.78
1036 0.15
1037 1.77
1038 1.27
1039 0.37
1040 0.22
1041 0.12
1042 1.17
1043 0.8
1044 1.73
1045 0.15
1046 0.27
1047 0.72
1048 1.11
1049 1.02
1050 0.97
1051 1.6
1052 1.77
1053 0.59
1054 1.16
1055 1.57
1056 0.55
1057 0.06
1058 1.0
1059 0.73
1060 0.48
1061 1.66
1062 1.58
1063 0.13
1064 0.36
1065 0.53
1066 0.07
1067 1.34
1068 0.46
1069 0.36
1070 0.25
1071 0.18
1072 0.11
1073 0.18
1074 0.9
1075 1.74
1076 0.62
1077 0.63
1078 1.44
1079 0.91
1080 1.73
1081 1.36
1082 0.79
1083 0.09
1084 0.78
1085 1.13
1086 1.78
1087 0.46
1088 0.26
1089 0.94
1090 1.26
1091 0.81
1092 0.82
1093 0.02
1094 0.26
1095 0.02
1096 1.22
1097 0.67
1098 1.66
1099 0.32
1100 0.34
1101 1.52
1102 1.11
1103 1.18
1104 1.61
1105 1.57
1106 1.46
1107 0.01
1108 1.26
1109 0.53
1110 0.99
1111 1.31
1112 0.82
1113 0.8
1114 1.49
1115 0.38
1116 0.12
1117 0.74
1118 1.66
1119 0.13
1120 0.11
1121 1.44
1122 0.52
1123 1.71
1124 0.82
1125 0.45
1126 1.03
1127 1.14
1128 0.55
1129 1.3
1130 0.05
1131 1.78
1132 1.68
1133 1.36
