0 1.66
1 0.97
2 0.44
3 0.91
4 0.96
5 0.14
6 2.03
7 1.73
8 0.83
9 1.67
10 0.02
11 1.37
12 0.03
13 0.85
14 1.98
15 1.74
16 1.32
17 1.02
18 0.42
19 1.31
20 1.12
21 0.5
22 0.86
23 0.29
24 0.22
25 0.06
26 1.82
27 0.83
28 0.37
29 0.15
30 1.43
31 0.52
32 1.66
33 1.26
34 2.09
35 0.9
36 1.31
37 1.72
38 2.02
39 2.13
40 1.08
41 0.58
42 0.33
43 0.02
44 0.94
45 1.96
46 0.64
47 1.09
48 0.07
49 1.24
50 0.97
51 1.37
52 0.32
53 1.53
54 0.03
55 2.09
56 0.09
57 2.0
58 1.16
59 1.24
60 0.73
61 0.86
62 1.5
63 2.03
64 1.33
65 0.03
66 1.02
67 0.77
68 0.4
69 0.17
70 1.2
71 1.45
72 0.09
73 1.29
74 0.61
75 1.21
76 1.43
77 1.25
78 1.44
79 1.38
80 1.82
81 0.98
82 1.37
83 0.23
84 1.15
85 0.79
86 0.41
87 0.74
88 0.83
89 1.83
90 1.64
91 0.84
92 1.45
93 0.95
94 1.44
95 0.9
96 0.4
97 1.43
98 1.78
99 0.16
100 0.87
101 1.68
102 1.62
103 1.54
104 0.13
105 1.63
106 0.84
107 0.83
108 0.2
109 0.54
110 1.97
111 0.47
112 1.28
113 1.5
114 0.64
115 1.3
116 1.14
117 0.26
118 2.13
119 2.02
120 2.05
121 1.58
122 2.07
123 1.84
124 1.19
125 1.02
126 0.81
127 0.88
128 0.91
129 0.24
130 0.45
131 1.62
132 1.78
133 0.69
134 0.65
135 0.14
136 0.97
137 0.37
138 0.16
139 0.53
140 0.73
141 1.87
142 0.48
143 1.59
144 1.56
145 0.85
146 0.08
147 2.03
148 0.33
149 0.68
150 0.04
151 1.28
152 0.86
153 0.72
154 0.16
155 1.66
156 1.35
157 1.28
158 1.81
159 1.8
160 1.19
161 0.94
162 1.31
163 1.63
164 2.01
165 1.12
166 0.65
167 0.23
168 0.97
169 0.39
170 1.29
171 1.65
172 0.97
173 1.83
174 0.39
175 1.59
176 1.86
177 1.11
178 2.06
179 0.25
180 0.19
181 1.75
182 0.73
183 1.68
184 0.63
185 1.23
186 1.4
187 1.55
188 1.02
189 0.3
190 1.73
191 1.13
192 1.15
193 0.66
194 0.97
195 1.96
196 0.21
197 2.02
198 1.43
199 1.02
200 1.51
201 1.4
202 0.03
203 0.58
204 0.25
205 0.8
206 0.35
207 1.37
208 1.74
209 1.74
210 1.72
211 1.17
212 0.53
213 0.73
214 1.78
215 0.66
216 0.04
217 0.54
218 0.21
219 2.09
220 0.23
221 0.73
222 0.67
223 1.5
224 0.33
225 1.93
226 0.38
227 0.58
228 1.02
229 1.11
230 0.66
231 0.61
232 1.48
233 0.37
234 1.28
235 1.21
236 1.7
237 1.76
238 2.07
239 0.8
240 1.65
241 0.89
242 1.5
243 1.22
244 1.03
245 0.15
246 0.71
247 0.08
248 1.14
249 0.33
250 0.9
251 0.3
252 0.13
253 1.24
254 0.64
255 1.64
256 1.36
257 0.67
258 1.51
259 0.45
260 0.86
261 0.81
262 1.32
263 1.4
264 0.8
265 2.12
266 2.04
267 1.42
268 1.56
269 0.76
270 0.55
271 0.07
272 2.05
273 1.46
274 1.52
275 1.57
276 0.24
277 0.68
278 0.74
279 1.39
280 1.65
281 1.86
282 0.92
283 1.56
284 0.57
285 0.02
286 0.18
287 0.8
288 0.46
289 1.29
290 1.53
291 0.59
292 0.73
293 1.97
294 1.62
295 0.29
296 1.15
297 1.26
298 0.22
299 0.32
300 0.14
301 1.27
302 0.54
303 0.72
304 2.12
305 1.21
306 0.59
307 1.68
308 1.62
309 1.24
310 1.98
311 0.18
312 0.04
313 2.13
314 2.0
315 1.48
316 1.96
317 0.66
318 1.69
319 1.71
320 1.03
321 0.49
322 1.73
323 1.79
324 0.1
325 1.97
326 0.67
327 1.85
328 1.49
329 0.4
330 0.3
331 0.56
332 0.12
333 1.87
334 1.76
335 1.97
336 1.47
337 1.64
338 1.1
339 1.82
340 1.09
341 1.16
342 1.12
343 0.3
344 1.91
345 1.26
346 0.43
347 1.98
348 0.42
349 2.03
350 0.39
351 0.07
352 0.12
353 1.68
354 1.17
355 0.55
356 1.47
357 0.46
358 0.82
359 1.98
360 0.21
361 0.68
362 1.23
363 1.55
364 2.12
365 0.84
366 1.24
367 1.25
368 0.8
369 0.0
370 0.14
371 0.5
372 1.1
373 0.21
374 0.06
375 0.5
376 0.57
377 2.13
378 0.33
379 0.34
380 1.34
381 0.41
382 2.03
383 0.41
384 0.8
385 0.79
386 0.31
387 1.6
388 0.24
389 0.13
390 1.06
391 1.39
392 0.01
393 1.11
394 2.01
395 1.23
396 1.43
397 0.07
398 0.19
399 0.7
400 0.88
401 1.96
402 0.41
403 1.24
404 1.84
405 0.9
406 0.32
407 0.13
408 0.07
409 0.94
410 1.87
411 1.11
412 0.33
413 1.35
414 1.63
415 1.8
416 0.99
417 1.21
418 1.05
419 1.52
420 1.57
421 0.91
422 1.62
423 0.14
424 1.83
425 1.88
426 1.03
427 0.25
428 0.88
429 0.01
430 0.08
431 0.39
432 1.57
433 1.34
434 1.1
435 1.03
436 0.14
437 2.07
438 2.01
439 0.48
440 0.46
441 1.32
442 0.91
443 1.85
444 0.1
445 1.45
446 1.18
447 1.74
448 0.85
449 1.27
450 0.43
451 1.14
452 1.73
453 2.01
454 1.81
455 0.3
456 1.67
457 0.34
458 0.85
459 1.09
460 2.12
461 1.45
462 0.77
463 1.07
464 0.47
465 0.41
466 0.89
467 0.08
468 1.82
469 0.23
470 0.39
471 0.49
472 0.45
473 0.73
474 0.28
475 1.43
476 1.79
477 0.1
478 0.14
479 1.52
480 1.17
481 1.96
482 1.35
483 0.68
484 1.14
485 0.46
486 1.21
487 0.77
488 1.43
489 1.19
490 0.75
491 0.46
492 0.57
493 0.26
494 0.03
495 0.62
496 1.79
497 0.83
498 2.01
499 0.04
500 2.02
501 0.89
502 0.15
503 0.24
504 0.15
505 1.99
506 0.22
507 0.08
508 0.69
509 1.26
510 0.11
511 1.1
512 1.13
513 0.85
514 1.04
515 0.25
516 1.96
517 0.99
518 1.0
519 1.14
520 0.03
521 0.77
522 1.1
523 1.65
524 1.77
525 2.07
526 1.94
527 0.35
528 2.07
529 0.02
530 1.52
531 1.33
532 1.2
533 0.73
534 0.29
535 1.47
536 0.55
537 1.22
538 1.07
539 1.36
540 1.26
541 1.18
542 0.28
543 1.15
544 1.13
545 1.31
546 1.9
547 1.6
548 1.18
549 1.13
550 2.0
551 1.43
552 1.97
553 0.44
554 0.89
555 1.12
556 0.6
557 0.39
558 0.76
559 1.47
560 1.28
561 1.89
562 0.38
563 1.58
564 0.77
565 2.09
566 0.44
567 0.61
568 1.37
569 0.1
570 0.59
571 1.88
572 0.27
573 0.14
574 1.94
575 1.48
576 1.08
577 0.9
578 0.41
579 0.09
580 1.22
581 1.59
582 1.44
583 0.44
584 1.03
585 1.04
586 1.28
587 1.33
588 0.29
589 2.12
590 1.53
591 0.32
592 1.43
593 0.39
594 2.14
595 0.68
596 1.25
597 0.79
598 0.7
599 1.6
600 0.89
601 1.45
602 0.61
603 1.58
604 0.5
605 1.94
606 2.12
607 0.7
608 1.25
609 0.08
610 0.69
611 0.97
612 0.73
613 0.94
614 0.9
615 0.88
616 1.36
617 1.84
618 1.03
619 0.57
620 1.78
621 1.33
622 1.0
623 0.02
624 0.6
625 0.41
626 2.05
627 1.65
628 1.5
629 2.13
630 1.49
631 1.99
632 1.42
633 0.49
634 1.94
635 0.16
636 0.12
637 1.47
638 1.87
639 0.98
640 0.91
641 0.79
642 1.8
643 1.87
644 1.2
645 1.89
646 0.1
647 1.35
648 1.53
649 0.08
650 0.79
651 0.08
652 0.79
653 1.34
654 1.88
655 0.13
656 1.0
657 1.11
658 2.08
659 2.08
660 0.13
661 1.69
662 1.62
663 0.64
664 0.97
665 2.06
666 0.28
667 1.02
668 0.92
669 0.87
670 2.13
671 1.5
672 0.75
673 0.01
674 2.09
675 0.97
676 0.85
677 0.65
678 0.44
679 1.96
680 1.75
681 0.91
682 0.08
683 1.53
684 0.49
685 1.56
686 1.42
687 1.66
688 0.94
689 1.96
690 0.84
691 0.97
692 1.09
693 0.64
694 1.73
695 0.03
696 0.34
697 0.33
698 1.78
699 1.43
700 0.62
701 1.61
702 0.82
703 1.63
704 0.22
705 1.78
706 0.22
707 2.02
708 0.15
709 0.82
710 1.12
711 1.5
712 0.46
713 1.43
714 0.6
715 0.52
716 1.8
717 1.75
718 0.6
719 1.6
720 2.11
721 1.28
722 1.13
723 1.9
724 0.5
725 0.78
726 1.53
727 1.66
728 1.54
729 0.52
730 1.92
731 1.4
732 1.96
733 1.58
734 1.9
735 1.89
736 1.98
737 0.08
738 0.35
739 1.6
740 0.12
741 1.31
742 0.77
743 1.96
744 0.57
745 0.48
746 1.56
747 1.47
748 2.04
749 0.23
750 0.85
751 1.97
752 1.09
753 1.16
754 0.74
755 0.67
756 0.74
757 0.47
758 1.85
759 0.36
760 0.28
761 1.89
762 1.47
763 1.3
764 0.37
765 1.35
766 2.13
767 2.11
768 0.96
769 0.49
770 1.81
771 1.39
772 0.92
773 0.13
774 1.5
775 2.07
776 1.87
777 0.31
778 0.69
779 1.99
780 1.17
781 1.14
782 0.31
783 1.01
784 1.18
785 0.38
786 1.46
787 1.23
788 2.08
789 0.18
790 1.18
791 0.61
792 1.65
793 1.81
794 1.39
795 1.43
796 2.05
797 1.77
798 1.98
799 1.0
800 1.46
801 0.43
802 0.38
803 1.62
804 0.96
805 1.42
806 2.08
807 1.61
808 1.68
809 0.77
810 1.28
811 1.26
812 1.32
813 0.58
814 1.58
815 1.94
816 1.63
817 0.37
818 1.82
819 1.53
820 1.17
821 1.29
822 1.1
823 1.35
824 1.97
825 1.03
826 0.61
827 0.6
828 1.87
829 2.12
830 1.76
831 1.55
832 1.68
833 1.15
834 1.56
835 0.39
836 1.62
837 1.62
838 1.46
839 1.69
840 1.31
841 0.5
842 1.8
843 1.13
844 1.23
845 2.02
846 1.72
847 1.94
848 0.54
849 0.83
850 2.02
851 2.0
852 0.43
853 0.36
854 0.27
855 0.31
856 1.47
857 0.56
858 1.04
859 1.56
860 1.44
861 1.12
862 0.61
863 2.12
864 2.0
865 1.8
866 1.42
867 0.91
868 0.71
869 0.44
870 1.1
871 1.18
872 1.42
873 1.62
874 0.77
875 1.96
876 1.72
877 0.41
878 0.16
879 0.8
880 0.43
881 0.46
882 1.32
883 1.74
884 1.63
885 1.9
886 2.0
887 1.72
888 1.86
889 1.24
890 0.17
891 1.57
892 0.02
893 0.95
894 0.19
895 0.93
896 0.31
897 1.62
898 0.71
899 0.76
900 1.97
901 0.82
902 0.33
903 1.63
904 0.5
905 0.84
906 1.79
907 0.01
908 0.61
909 0.88
910 0.7
911 1.17
912 1.51
913 1.79
914 1.58
915 1.24
916 0.58
917 1.49
918 0.09
919 0.53
920 1.11
921 1.78
922 1.43
923 0.79
924 0.87
925 0.52
926 2.06
927 0.08
928 0.93
929 2.13
930 0.66
931 0.43
932 0.67
933 2.11
934 0.44
935 0.26
936 2.01
937 0.7
938 0.51
939 1.43
940 2.01
941 1.42
942 2.0
943 0.54
944 1.95
945 1.79
946 1.25
947 1.81
948 1.51
949 1.14
950 1.15
951 1.43
952 1.17
953 0.22
954 0.82
955 1.77
956 0.88
957 1.21
958 0.15
959 0.52
960 1.01
961 0.19
962 1.13
963 0.67
964 0.58
965 0.15
966 2.01
967 0.94
968 0.35
969 1.99
970 2.03
971 1.32
972 0.84
973 0.33
974 1.37
975 1.91
976 1.48
977 2.12
978 0.98
979 1.73
980 1.96
981 0.63
982 1.44
983 1.14
984 1.81
985 0.84
986 1.4
987 0.63
988 0.07
989 0.44
990 0.15
991 1.98
992 0.05
993 0.2
994 1.84
995 1.04
996 0.08
997 1.11
998 1.97
999 1.11
1000 0.43
1001 1.44
1002 1.82
1003 0.04
1004 0.51
1005 2.0
1006 2.09
1007 0.98
1008 1.8
1009 1.93
1010 0.51
1011 0.77
1012 0.32
1013 0.09
1014 0.37
1015 0.78
1016 1.01
1017 0.81
1018 1.62
1019 1.15
1020 1.38
1021 0.1
1022 1.41
1023 0.22
1024 0.73
1025 0.89
1026 1.63
1027 1.03
1028 1.06
1029 1.97
1030 0.68
1031 1.64
1032 1.82
1033 1.23
1034 1.65
1035 1.07
1036 2.0
1037 1.24
1038 0.63
1039 0.78
1040 0.1
1041 0.61
1042 1.22
1043 1.39
1044 1.18
1045 0.91
1046 0.99
1047 1.29
1048 1.15
1049 1.05
1050 1.21
1051 0.07
1052 1.61
1053 1.21
1054 1.42
1055 1.87
1056 1.67
1057 1.9
1058 0.14
1059 0.37
1060 1.17
1061 0.03
1062 1.06
1063 1.0
1064 1.26
1065 1.04
1066 2.13
1067 1.04
1068 2.14
1069 0.33
1070 0.0
1071 1.4
1072 0.38
1073 0.31
1074 1.25
1075 0.09
1076 1.62
1077 1.09
1078 1.37
1079 1.98
1080 0.72
1081 0.65
1082 1.16
1083 0.14
1084 1.54
1085 0.34
1086 1.77
1087 1.75
1088 1.56
1089 0.59
1090 1.13
1091 1.65
1092 1.35
1093 0.45
1094 1.38
1095 0.71
1096 0.0
1097 0.45
1098 2.01
1099 0.63
1100 1.33
1101 1.14
1102 0.3
1103 1.89
1104 0.02
1105 1.3
1106 1.72
1107 1.5
1108 0.12
1109 0.21
1110 0.2
1111 1.12
1112 0.44
1113 1.03
1114 1.82
1115 2.1
1116 1.28
1117 1.77
1118 0.95
1119 1.49
1120 1.11
1121 1.58
1122 1.26
1123 1.56
1124 1.95
1125 0.2
1126 0.96
1127 0.97
1128 0.5
1129 0.19
1130 1.2
1131 1.57
1132 0.4
1133 1.24
