0 1.41
1 0.09
2 1.59
3 0.09
4 2.34
5 1.22
6 1.26
7 1.5
8 0.44
9 0.15
10 1.74
11 1.17
12 0.48
13 0.01
14 0.68
15 0.09
16 0.04
17 1.86
18 2.24
19 1.68
20 0.43
21 1.47
22 1.21
23 0.67
24 1.93
25 2.05
26 2.25
27 2.13
28 1.81
29 1.39
30 0.58
31 1.03
32 0.06
33 0.55
34 1.21
35 2.43
36 0.97
37 0.57
38 1.26
39 2.32
40 2.16
41 1.11
42 1.87
43 0.9
44 2.16
45 1.06
46 2.28
47 1.96
48 1.65
49 0.52
50 0.29
51 0.49
52 1.02
53 1.38
54 1.7
55 0.57
56 1.51
57 0.08
58 0.15
59 0.82
60 0.99
61 1.54
62 0.25
63 0.32
64 0.03
65 2.39
66 1.88
67 1.64
68 1.1
69 1.33
70 2.23
71 1.22
72 0.95
73 0.21
74 1.95
75 1.42
76 0.45
77 1.19
78 1.31
79 1.22
80 2.24
81 1.41
82 1.64
83 0.52
84 2.24
85 1.17
86 0.39
87 1.16
88 1.42
89 2.41
90 0.05
91 0.31
92 2.03
93 2.22
94 0.06
95 1.31
96 0.28
97 0.25
98 0.31
99 1.05
100 0.16
101 2.28
102 1.75
103 2.06
104 1.79
105 0.77
106 1.14
107 1.45
108 1.37
109 0.16
110 2.44
111 1.77
112 0.69
113 2.2
114 2.06
115 1.75
116 0.07
117 1.29
118 0.93
119 0.26
120 0.87
121 2.23
122 1.57
123 0.19
124 0.89
125 1.41
126 1.28
127 0.64
128 2.26
129 0.85
130 0.0
131 1.36
132 0.7
133 1.23
134 0.16
135 2.28
136 0.33
137 0.48
138 0.88
139 1.04
140 0.76
141 0.99
142 0.13
143 2.35
144 2.17
145 0.13
146 2.05
147 0.73
148 1.89
149 1.78
150 0.58
151 1.27
152 1.43
153 0.41
154 0.47
155 0.86
156 0.91
157 1.18
158 1.43
159 1.79
160 2.22
161 1.44
162 0.49
163 1.19
164 2.32
165 1.25
166 0.44
167 1.26
168 0.72
169 0.06
170 1.14
171 2.22
172 1.18
173 0.99
174 1.7
175 2.4
176 0.36
177 1.05
178 0.19
179 0.89
180 0.18
181 0.82
182 1.25
183 1.68
184 1.36
185 1.67
186 1.64
187 0.51
188 0.46
189 0.36
190 0.06
191 0.84
192 1.54
193 0.51
194 0.63
195 1.16
196 1.19
197 1.42
198 2.39
199 2.4
200 0.66
201 1.27
202 1.97
203 1.6
204 1.64
205 1.79
206 2.39
207 0.36
208 1.41
209 0.83
210 0.26
211 1.5
212 1.72
213 2.0
214 0.03
215 0.54
216 1.06
217 1.05
218 1.35
219 1.03
220 2.12
221 1.14
222 1.25
223 2.23
224 1.86
225 0.7
226 1.63
227 0.67
228 1.63
229 1.51
230 0.76
231 2.13
232 1.16
233 1.32
234 0.56
235 0.12
236 1.6
237 2.12
238 2.23
239 0.22
240 0.99
241 1.35
242 2.28
243 1.96
244 2.03
245 0.23
246 2.09
247 2.33
248 2.08
249 0.8
250 1.44
251 0.51
252 0.32
253 1.76
254 2.43
255 0.49
256 1.91
257 1.66
258 0.5
259 0.71
260 0.28
261 2.04
262 2.35
263 0.7
264 0.57
265 1.06
266 2.24
267 1.78
268 1.31
269 2.16
270 1.87
271 1.16
272 2.34
273 2.12
274 1.73
275 1.71
276 0.78
277 0.46
278 0.21
279 1.11
280 0.51
281 0.85
282 0.53
283 0.47
284 0.89
285 1.49
286 0.42
287 0.89
288 1.72
289 0.64
290 1.87
291 1.83
292 1.58
293 1.36
294 0.49
295 1.08
296 1.51
297 1.09
298 1.3
299 0.47
300 1.25
301 1.83
302 0.33
303 1.65
304 2.33
305 1.31
306 0.43
307 0.39
308 1.18
309 0.39
310 0.68
311 0.18
312 2.2
313 0.73
314 1.78
315 0.65
316 2.38
317 0.8
318 2.03
319 1.44
320 0.57
321 0.45
322 1.92
323 1.07
324 0.36
325 1.8
326 0.73
327 0.19
328 1.04
329 1.42
330 2.13
331 1.5
332 1.6
333 1.84
334 1.6
335 1.26
336 1.58
337 1.22
338 2.07
339 1.95
340 1.4
341 0.08
342 1.39
343 1.38
344 1.86
345 0.77
346 2.43
347 2.43
348 0.67
349 2.29
350 0.2
351 0.74
352 2.03
353 0.89
354 2.1
355 2.05
356 2.0
357 1.71
358 2.35
359 0.46
360 0.38
361 1.51
362 1.83
363 1.76
364 0.86
365 1.96
366 2.14
367 0.19
368 2.43
369 0.94
370 1.31
371 0.5
372 2.39
373 2.07
374 0.33
375 0.54
376 0.91
377 0.62
378 2.36
379 0.39
380 1.66
381 0.01
382 1.36
383 0.93
384 1.7
385 1.82
386 0.42
387 1.59
388 0.43
389 0.71
390 0.74
391 2.31
392 0.25
393 0.94
394 0.9
395 2.4
396 0.37
397 2.15
398 0.79
399 1.41
400 1.39
401 2.01
402 1.41
403 1.59
404 0.56
405 1.35
406 2.3
407 0.29
408 1.69
409 1.27
410 1.53
411 0.18
412 2.34
413 1.67
414 2.25
415 0.55
416 1.59
417 1.57
418 1.9
419 0.44
420 0.46
421 0.19
422 1.39
423 2.37
424 1.37
425 0.64
426 1.64
427 0.75
428 2.36
429 0.83
430 1.02
431 0.3
432 1.86
433 0.91
434 1.51
435 0.06
436 2.27
437 1.21
438 2.11
439 0.26
440 1.81
441 2.1
442 0.43
443 0.49
444 1.47
445 0.49
446 1.4
447 0.14
448 1.21
449 0.16
450 2.08
451 0.03
452 0.78
453 2.35
454 0.25
455 0.22
456 0.63
457 0.52
458 1.61
459 0.47
460 1.65
461 1.66
462 0.51
463 1.96
464 1.42
465 1.76
466 0.18
467 0.74
468 0.48
469 1.0
470 2.07
471 0.63
472 1.49
473 1.98
474 0.09
475 1.18
476 1.39
477 1.11
478 1.98
479 2.13
480 2.04
481 0.93
482 0.53
483 0.15
484 1.45
485 0.66
486 1.07
487 2.39
488 1.51
489 0.21
490 2.12
491 2.05
492 1.61
493 1.73
494 1.87
495 0.45
496 0.02
497 1.16
498 1.31
499 1.41
500 0.92
501 1.77
502 2.1
503 1.52
504 1.0
505 1.57
506 0.47
507 1.49
508 1.95
509 1.46
510 1.78
511 0.48
512 2.21
513 2.31
514 1.87
515 0.11
516 0.2
517 1.42
518 2.15
519 0.46
520 1.07
521 1.98
522 1.97
523 0.68
524 0.11
525 0.86
526 1.92
527 1.09
528 0.92
529 0.48
530 0.98
531 0.25
532 2.36
533 0.03
534 0.79
535 1.68
536 0.08
537 0.78
538 1.6
539 0.2
540 1.95
541 2.06
542 1.07
543 2.05
544 1.62
545 0.02
546 1.53
547 0.02
548 1.46
549 2.19
550 0.87
551 1.12
552 1.48
553 0.22
554 1.05
555 2.24
556 2.25
557 1.82
558 0.57
559 0.82
560 2.23
561 0.87
562 0.75
563 0.98
564 0.98
565 1.25
566 0.17
567 0.52
568 2.08
569 2.16
570 0.42
571 2.19
572 0.27
573 0.82
574 2.1
575 1.66
576 1.73
577 1.14
578 1.54
579 2.42
580 0.77
581 2.07
582 2.33
583 0.62
584 1.85
585 1.88
586 0.2
587 2.18
588 1.41
589 1.32
590 0.15
591 0.29
592 0.53
593 0.23
594 0.23
595 2.23
596 0.55
597 1.86
598 1.3
599 2.19
600 0.11
601 1.53
602 1.55
603 1.31
604 0.2
605 0.58
606 0.39
607 1.91
608 1.44
609 1.82
610 0.84
611 0.39
612 2.26
613 0.13
614 0.05
615 0.54
616 1.47
617 2.21
618 1.7
619 0.51
620 1.5
621 2.33
622 0.18
623 0.74
624 0.07
625 1.33
626 0.16
627 1.48
628 0.27
629 0.27
630 1.5
631 1.7
632 0.96
633 1.56
634 0.34
635 0.61
636 0.83
637 2.17
638 1.58
639 1.69
640 1.17
641 1.88
642 0.87
643 1.92
644 0.06
645 2.34
646 1.67
647 1.2
648 0.24
649 1.21
650 0.57
651 0.13
652 0.18
653 0.38
654 2.07
655 0.34
656 2.19
657 1.84
658 1.45
659 1.02
660 1.38
661 0.29
662 1.59
663 1.41
664 0.67
665 0.54
666 1.2
667 1.86
668 2.23
669 0.67
670 2.43
671 2.05
672 1.08
673 1.72
674 2.15
675 1.81
676 1.79
677 2.37
678 1.57
679 0.22
680 1.27
681 2.41
682 1.39
683 2.14
684 0.55
685 1.13
686 0.9
687 1.79
688 1.31
689 0.48
690 1.51
691 1.13
692 0.8
693 2.33
694 0.52
695 1.46
696 0.16
697 0.49
698 1.27
699 0.17
700 1.8
701 1.68
702 0.91
703 1.28
704 1.96
705 2.28
706 1.65
707 1.66
708 1.17
709 2.33
710 0.7
711 1.29
712 1.75
713 1.17
714 2.43
715 1.55
716 0.08
717 0.78
718 0.94
719 0.16
720 0.81
721 1.55
722 1.19
723 0.86
724 0.76
725 1.01
726 0.85
727 0.62
728 0.11
729 2.21
730 2.34
731 1.18
732 1.06
733 0.2
734 0.72
735 2.1
736 1.13
737 0.81
738 0.23
739 0.99
740 0.62
741 1.64
742 0.26
743 1.0
744 0.7
745 0.93
746 1.7
747 2.26
748 1.13
749 0.66
750 0.07
751 2.13
752 0.5
753 0.91
754 2.19
755 1.99
756 0.07
757 2.38
758 0.05
759 1.67
760 0.63
761 2.22
762 0.95
763 1.32
764 1.58
765 2.2
766 0.1
767 0.62
768 1.49
769 1.8
770 1.84
771 2.17
772 0.01
773 0.78
774 0.2
775 1.94
776 0.93
777 0.07
778 0.68
779 2.13
780 1.96
781 2.19
782 2.14
783 0.42
784 1.39
785 1.24
786 0.24
787 0.09
788 0.04
789 1.37
790 0.56
791 1.78
792 1.61
793 1.25
794 2.11
795 0.59
796 2.21
797 1.64
798 1.53
799 1.8
800 0.13
801 0.3
802 2.19
803 1.84
804 2.24
805 2.06
806 1.42
807 2.09
808 0.01
809 1.13
810 1.61
811 1.72
812 1.18
813 1.5
814 1.2
815 1.71
816 2.26
817 2.0
818 2.41
819 0.48
820 0.89
821 1.91
822 0.17
823 0.59
824 0.06
825 0.66
826 1.61
827 0.45
828 0.04
829 1.35
830 1.0
831 0.47
832 1.94
833 2.1
834 1.5
835 0.11
836 2.28
837 1.6
838 1.29
839 2.02
840 2.24
841 1.73
842 0.73
843 0.75
844 1.08
845 0.63
846 2.29
847 0.03
848 0.96
849 2.42
850 0.99
851 1.96
852 0.75
853 1.68
854 0.11
855 0.18
856 0.91
857 0.91
858 0.93
859 2.15
860 0.44
861 1.38
862 1.23
863 0.63
864 0.9
865 2.02
866 2.25
867 1.3
868 1.64
869 2.0
870 1.04
871 0.06
872 0.08
873 1.92
874 1.43
875 0.59
876 1.88
877 0.77
878 2.07
879 2.22
880 2.0
881 2.29
882 1.91
883 1.64
884 1.15
885 1.5
886 0.65
887 2.19
888 0.55
889 2.24
890 1.02
891 1.31
892 1.92
893 0.46
894 1.51
895 0.96
896 1.07
897 2.34
898 1.8
899 2.14
900 1.34
901 1.53
902 0.67
903 2.01
904 1.19
905 1.52
906 0.59
907 1.18
908 0.9
909 1.45
910 0.27
911 1.16
912 0.9
913 1.72
914 2.0
915 2.13
916 1.98
917 2.17
918 2.29
919 1.26
920 1.57
921 1.48
922 1.02
923 1.44
924 1.75
925 0.52
926 1.92
927 0.88
928 0.16
929 1.55
930 1.7
931 0.06
932 0.78
933 0.26
934 1.74
935 1.76
936 0.96
937 1.38
938 2.01
939 1.54
940 0.54
941 0.12
942 1.52
943 1.4
944 0.29
945 2.39
946 1.7
947 0.53
948 1.92
949 0.47
950 1.82
951 0.93
952 1.15
953 0.28
954 1.11
955 0.97
956 1.19
957 1.87
958 0.22
959 2.1
960 1.9
961 1.52
962 2.41
963 1.91
964 1.46
965 1.24
966 0.59
967 1.75
968 0.64
969 0.26
970 0.83
971 1.43
972 0.79
973 2.15
974 0.64
975 0.93
976 0.77
977 1.29
978 0.51
979 0.34
980 0.86
981 0.28
982 2.26
983 0.96
984 2.43
985 1.99
986 1.08
987 1.11
988 0.47
989 1.93
990 1.54
991 1.56
992 1.52
993 0.36
994 0.34
995 2.06
996 0.71
997 1.16
998 2.35
999 1.08
1000 0.09
1001 2.13
1002 1.38
1003 1.82
1004 2.27
1005 0.14
1006 1.5
1007 0.12
1008 1.4
1009 1.89
1010 1.24
1011 0.02
1012 1.67
1013 2.3
1014 2.15
1015 0.66
1016 2.19
1017 2.11
1018 0.49
1019 1.34
1020 1.91
1021 0.78
1022 0.25
1023 1.11
1024 0.31
1025 1.84
1026 0.85
1027 1.0
1028 2.17
1029 2.09
1030 0.81
1031 0.37
1032 0.19
1033 1.76
1034 1.7
1035 0.56
1036 0.62
1037 0.51
1038 0.19
1039 2.37
1040 0.37
1041 1.78
1042 1.05
1043 0.49
1044 1.71
1045 0.97
1046 0.58
1047 0.05
1048 0.47
1049 1.83
1050 1.77
1051 2.08
1052 0.45
1053 2.39
1054 0.83
1055 1.69
1056 2.24
1057 0.66
1058 1.5
1059 1.31
1060 2.33
1061 1.64
1062 0.16
1063 0.29
1064 1.01
1065 1.8
1066 1.31
1067 2.11
1068 1.31
1069 1.64
1070 2.34
1071 0.51
1072 1.01
1073 1.99
1074 1.2
1075 2.29
1076 0.26
1077 1.55
1078 1.41
1079 2.17
1080 0.93
1081 1.46
1082 2.04
1083 0.83
1084 1.81
1085 0.55
1086 2.02
1087 1.39
1088 2.27
1089 0.17
1090 1.01
1091 1.54
1092 0.9
1093 1.26
1094 0.43
1095 0.27
1096 0.24
1097 1.2
1098 2.27
1099 1.2
1100 2.43
1101 1.96
1102 2.15
1103 0.02
1104 1.82
1105 2.22
1106 0.64
1107 0.59
1108 1.13
1109 1.76
1110 1.21
1111 1.6
1112 2.27
1113 0.3
1114 0.68
1115 1.51
1116 0.05
1117 0.13
1118 2.43
1119 1.72
1120 0.92
1121 1.9
1122 1.21
1123 0.79
1124 0.6
1125 2.23
1126 2.34
1127 0.88
1128 1.77
1129 1.68
1130 1.47
1131 0.61
1132 0.21
1133 1.1
